2.601461844803903204e-66
3.055344173411149742e-65
7.354077208662973959e-53
3.077032340408147902e-59
3.146811351174410054e-55
4.758161345495799953e-57
4.162306158188075097e-44
1.317529669297721876e-41
5.758252674384867598e-42
4.363355086648368917e-45
4.086169378816208421e-72
2.110401047948649587e-42
3.143390443948564107e-44
7.433159426713197726e-68
1.712077307565933188e-41
7.414715747195311636e-42
3.125528244399521804e-42
2.842651612954389579e-42
1.592129476588721269e-42
2.087716089076768540e-42
1.881301797515806422e-41
1.594358357545458819e-41
8.096898561381063912e-41
1.019180525505978548e-41
1.037340770061956060e-40
2.395093585095267732e-40
3.807330331817941394e-36
1.919684557495215124e-41
1.785563856082841838e-42
3.378168819484967805e-39
1.186737296458115883e-33
1.428985974827382348e-36
1.478409454897598452e-30
4.351824485452461634e-42
3.800079790602359009e-32
2.178941989981427798e-40
4.749509218540061223e-40
1.138564405654480928e-42
1.030953027669598650e-41
7.796881927586156084e-28
3.434519574388139299e-71
1.628656399134825325e-28
1.445622609360627153e-40
2.310785735831239617e-33
7.872349439187997363e-27
1.532701078297731362e-41
3.923157695063442012e-41
3.451357300508048962e-42
3.520296410517566519e-31
5.911461786484178973e-33
1.164459623264364311e-25
0.000000000000000000e+00
1.043709305849111454e-68
5.052000917395895571e-33
8.322049793377182857e-29
6.003895848123875113e-42
1.194476841690945704e-19
7.900365388050596894e-23
3.657672755914042870e-21
6.012306702231770136e-31
6.317131343136662546e-26
9.773880981396898797e-26
1.576775719252214790e-41
1.628362871950091233e-22
9.451436637579514157e-25
1.187112214136559571e-33
6.895764877175850881e-30
1.454242499332459464e-32
2.937372169869141461e-35
4.449563448411928991e-29
1.366689265591840686e-48
2.372204581986415182e-19
1.970720001909660906e-13
6.554873288177077495e-15
7.399709723639293732e-27
1.996633569762581058e-30
9.870664885561958525e-15
4.743926996008030816e-36
4.728842428260061833e-12
3.871216977879646314e-08
2.912158867227095570e-28
1.211236073041437509e-18
1.789501890161311212e-14
1.804970737754561736e-35
2.442717814925791150e-10
2.533837472645935451e-12
2.213728054741342400e-27
3.061618914778654298e-13
1.421895178422547439e-14
3.782747163411261336e-14
1.930545716667504403e-41
6.397947386298678870e-33
5.566870286866709321e-07
9.101621238698746507e-18
1.016365803808129654e-14
1.908522291961030175e-03
6.068084308221593360e-40
2.196264517620624456e-07
9.458693239183434095e-21
2.384472388419416206e-33
3.166439902866808016e-18
3.542521965448218310e-10
2.159582943930215789e-04
1.485852760461448152e-27
8.672399284049068895e-04
1.064072914391916851e-20
3.951684530711365896e-14
5.570186328530964777e-04
1.672397991511415799e-02
8.776126529697862524e-07
7.352791955810245647e-17
1.702328271269441719e-05
6.220677776459510570e-06
7.265428538765683417e-16
2.406810657599758044e-14
4.528899147264680270e-10
2.021953464170980069e-02
5.171075973202442081e-14
2.357664625350379995e-07
3.258943839183297679e-08
1.355194454028816654e-04
8.747474695398666703e-14
9.540405331339246172e-09
3.880356956809380420e-02
1.632652498674020496e-10
1.973201395077101949e-05
3.705660832017305555e-22
1.495025665973746018e-06
7.236298495194385392e-06
1.816431335527948765e-04
1.686275873937421229e-03
3.967411901718585500e-12
3.176538006542688511e-07
1.783591170785394156e-02
9.181225866832178409e-03
1.577133947484346196e-02
2.270410198993492822e-06
6.055112490774475009e-11
2.842858028394025073e-09
3.279778533355098066e-12
2.826619435349843280e-11
1.850693138531608807e-04
7.510848870966365225e-14
2.284748218692698187e-22
5.581861101615737770e-04
1.760825632707788439e-03
2.699476962320100648e-02
4.890235699171672193e-07
3.730508032020158443e-11
3.358840817183503730e-07
3.041927897028758042e-21
1.119598392119536268e-02
1.325368205988710385e-19
7.542431679078488715e-02
1.557568364823808636e-02
1.536444608568186712e-04
1.327944252429916032e-02
1.212351480655340485e-19
1.146303206597149140e-13
1.231680836172857920e-10
4.637916799042372632e-41
2.435087852650693399e-10
1.116972638204248858e-01
2.617027137350570366e-20
1.135731906529251350e-01
4.996539571515284540e-20
1.860309468445343617e-01
4.122613438500914024e-02
1.030303938585767416e-25
8.435944242394513722e-42
2.599183123862507626e-03
6.195426635715763075e-02
3.443489723445299078e-02
1.017615171572874323e-02
6.678047331107254878e-10
1.601877007720144217e-03
2.290778141234551656e-23
3.439726734431694221e-07
6.230875701703359609e-02
1.102535964292682603e-13
5.498200089070901247e-19
1.606481263587589854e-41
1.772703746829515717e-02
9.498163761565123209e-02
7.706957778189086478e-03
1.163270884420185974e-01
8.045087307307957625e-02
2.338429148983407570e-06
1.044838021539716971e-01
5.574848764485651302e-03
1.930541210471080045e-04
2.063121423517507070e-05
3.057461461788033233e-15
7.936078868808071896e-02
9.287900913769462963e-20
1.726745583787938909e-01
2.404025231882166852e-03
3.342053316139862763e-03
2.376186673187740246e-06
5.175782526471998939e-07
2.389147079633641084e-11
2.829152104039913893e-02
9.602147823757982133e-06
1.588001320991348518e-07
2.702819834303334543e-05
9.310429066489127325e-02
4.252758941892024627e-09
1.371364479623921606e-01
2.731853651802417204e-09
4.856422547365945100e-03
1.034739534431066473e-03
6.348367804293203648e-09
3.278053933287853328e-01
6.155337271433077712e-02
1.210671303553353256e-01
9.626242628354281239e-02
3.072982927802498515e-02
2.235249149584040326e-08
3.124330885217579609e-03
1.648303468407548156e-01
9.606997362163642584e-02
2.423000195896492363e-07
2.336607484126112522e-01
3.965422862374409607e-09
7.554673523393752650e-14
2.045283123627076316e-01
1.051060082741565177e-01
5.306515074828923456e-02
6.370580296924904795e-02
1.033050898740799431e-02
6.141391252538323103e-02
1.042027022238188050e-01
8.354913721880832811e-02
3.815971185315718316e-04
1.370768163636338077e-01
3.267470666123129530e-01
2.000557641973097001e-07
3.299240427625848085e-03
9.033016496991992661e-02
1.956612187994591356e-01
9.207208815883200890e-09
6.532986608843964482e-02
2.363984218038093743e-07
2.653388737686576127e-01
3.614285334574686148e-01
7.755598620561994957e-38
1.145565436573265319e-13
5.269620900262275351e-03
5.831343727509557128e-12
1.138624324594047829e-34
3.466350073886586728e-15
1.572521906632382005e-02
2.242908588212151888e-01
8.183000067453457538e-01
4.625070273369657924e-06
2.694578500390070082e-03
2.848215596415773487e-01
5.146585037602973145e-01
2.219212745806810883e-01
5.552862431536755849e-01
4.107141724479538777e-03
1.385194534766522323e-01
3.310752628234436834e-01
3.720666555382575735e-01
2.333051403431136706e-01
3.982195408775764806e-02
2.825540468697962937e-01
1.639184556515685170e-04
4.470274553209935275e-02
3.503726242173016980e-01
1.564309060364630355e-01
3.639162602133685920e-01
9.266159547204028124e-03
5.785864389702279897e-01
2.381224780588293566e-01
5.559969960502154224e-02
4.355927012183857250e-01
3.664263830866931748e-02
2.355205943829270787e-01
8.962076837998064760e-02
1.873390183085266447e-01
3.247123822928486558e-01
1.476407209001713572e-01
6.249551742611221261e-01
4.280837824494932442e-01
2.800698420088689744e-01
1.000000000000000000e+00
2.872691839174330020e-01
2.723500237974464944e-01
2.131195255195305338e-01
5.139827973174341258e-01
2.006747963106101929e-01
7.171142654439567332e-01
9.029850313495194070e-02
1.564267856629698306e-01
1.595579109465457279e-01
1.877006225879331025e-01
1.373709978000097476e-01
1.177811576589876397e-01
1.258343979450097239e-01
2.234989766872721717e-01
1.807282536920613580e-01
2.117298756886181188e-01
1.847600145799120908e-01
2.386377998134713296e-01
4.651089797779131563e-01
2.406141360746020530e-01
2.030633954940729846e-01
4.517183985267780866e-01
2.060112329863308944e-01
3.099475936885661143e-01
6.905621774852528649e-02
3.483811441304984213e-01
1.716693539540145030e-01
7.177185254361477529e-02
1.756207728251422684e-01
2.088581085419091710e-01
2.615018827989881167e-01
2.738135401102506084e-01
2.689332825665567417e-01
2.076795050400217502e-01
1.479400285705650409e-01
2.627606991917513235e-01
6.051193364935620878e-01
7.802625389568075553e-02
2.727924738255623760e-01
9.867443801611072707e-02
6.954914812049768635e-02
8.054341260922943946e-02
1.362320701102393006e-01
4.079685833615681601e-02
5.810148439068309190e-02
2.171222250265114062e-01
2.406887537127538890e-01
7.190657727998775450e-02
1.098804140340950974e-01
3.635671965817454665e-01
2.104815899749621841e-02
3.666604679450539278e-02
1.232076387629439107e-01
3.654032383452714833e-02
9.471763601677443689e-02
1.438377401737250816e-01
1.241328380938599291e-01
3.766802313322705764e-01
2.120811129490280528e-02
1.638489946203230407e-01
1.859807798494163555e-01
2.813020923694200398e-02
5.761149339363316746e-02
3.095925253785942743e-01
3.240792866527271443e-02
9.770250801935928542e-02
9.466166354606640743e-02
8.488423106822885755e-02
6.745766636280273176e-02
1.941478204815660913e-03
1.475273712414069960e-02
2.207843268695272240e-02
1.253220983287603452e-01
1.157964865844582358e-02
2.665910228648588759e-02
3.687913534229240731e-01
4.973583345481009249e-02
1.610267123279848084e-02
1.029242246251554499e-01
2.734018275364847109e-02
1.535376693548341602e-02
3.250664328602948516e-01
6.366700419282025902e-02
2.159455555233544544e-01
1.661902233866453804e-02
1.069927732367069867e-01
1.207392118008397824e-01
1.115429131127061019e-01
7.276940511258638694e-03
7.829856750094872642e-02
1.058552670714708530e-03
2.573460724757230533e-01
1.182086408730235044e-01
1.078193535470194503e-01
1.700350991560115876e-01
7.649785124392392832e-02
3.043238601186392094e-03
2.401543106436866692e-02
1.059431724243560941e-01
3.451825272940531319e-02
1.315727969394386854e-01
3.598415398162303769e-02
1.790462807116692881e-02
1.271423527891457975e-02
4.850479652249859580e-02
8.574254752105281386e-04
2.793374928804511544e-03
1.027380457289217147e-01
4.387706049026882799e-02
1.330641917980167864e-02
1.332033077699211754e-01
9.731490517711275517e-03
6.438837258084569026e-02
2.078532951151715047e-01
1.714413404381515821e-02
1.365709777345765208e-02
1.586761055100564116e-02
1.771650193874077430e-03
1.059435549858405851e-01
1.290437990528826573e-01
6.217968501246275842e-02
2.430452511207484012e-01
3.803188786698157853e-01
2.970091446816769745e-02
8.462266223800483760e-04
2.672032005458418319e-02
1.141784788226774261e-01
6.186397306280086439e-02
2.932411340759626464e-02
9.196177907526176427e-04
2.989142406505940208e-03
1.057806473532288925e-02
2.587853820556340612e-01
2.340122709047009683e-02
1.279115935488403261e-03
2.935206650097809886e-02
9.727652910114588554e-04
1.361707863431104067e-02
4.018900410076346741e-02
1.538300588117209530e-02
9.098642884609920573e-03
5.556279660177333712e-02
2.064260870817689387e-04
9.580513322853681860e-03
3.446173774408708024e-03
5.252527004663472163e-05
2.879307498068943080e-03
1.472225037435517629e-02
3.316428668738349156e-02
3.485905789631206508e-02
1.204547607890079329e-02
1.423884165025816884e-02
4.060140562949157705e-02
7.833838840075388191e-05
2.727292301304552031e-04
3.986480047323061326e-02
7.017991229410625378e-03
1.148398674609177050e-01
1.541882930770052185e-05
2.360854450229679657e-02
1.318651522160098691e-02
1.412238316596758636e-01
1.605189158581661829e-03
1.952814311905003708e-01
2.982157099595922900e-01
2.793207222396949796e-02
1.401681301753437015e-03
1.849235628443177126e-02
1.891444980219008504e-02
4.930596408908308534e-05
3.455242331015525399e-04
1.633834923707603703e-03
7.757546514824070240e-03
7.274544956296877252e-02
8.048174281931528423e-03
1.028840686693458482e-02
1.079216805703622634e-01
1.035989904240268086e-02
3.440678945395253541e-02
2.069717439937904246e-02
2.298228879171364258e-02
1.281746969997988594e-01
2.131463852095773822e-03
3.076558138198115023e-04
5.016300044476374690e-05
1.008278713302418611e-01
1.887888009375442849e-02
2.905244129639650286e-02
9.268053503042304048e-03
1.470330193353570382e-02
1.078025648455647328e-01
2.933472669616115844e-02
1.367421522222601361e-02
6.145996719959054158e-05
5.490049781645766578e-05
5.990808716856258653e-05
3.330343834952885900e-06
3.830410251365506339e-03
3.157199173226965939e-04
2.345419620919654686e-07
1.068554790194897551e-06
2.993840042982905840e-07
1.204350908777784661e-02
1.866747106469200321e-02
1.211756587567527904e-06
4.821458842171148507e-01
4.953540914022772969e-07
9.534159845045984960e-03
2.282631853556799928e-01
6.376389236970428365e-02
7.254078981747270893e-02
1.738705504598994922e-01
8.716307849168235012e-06
2.922349748329018948e-01
2.253570487059729233e-02
6.065563713570008147e-02
9.398757490860701336e-02
7.279872643514744758e-33
1.803677872819293149e-01
6.238685773767690056e-05
4.757467358109102571e-05
3.555544339676616761e-02
3.171574038980890051e-05
3.274370256119687659e-05
1.266498997460315959e-05
2.274459826199168829e-08
2.134935690009779913e-03
1.619676149636767101e-41
1.098224533264712065e-06
1.962602571986260258e-01
2.893669700052909528e-41
1.172439551781675780e-41
4.062398939854566818e-70
2.707835801424529620e-01
2.258475831480320217e-01
2.209004605978987185e-04
2.718937440999617539e-01
4.988140858447144554e-02
1.431422365212039897e-33
7.158762716612567762e-24
2.783072713932478773e-24
1.618398118203261155e-09
3.668511515225193209e-10
1.621902796160509919e-23
3.638703252954811548e-41
8.343025931026609156e-33
2.704020965571066808e-53
4.904910222262708885e-42
1.780987930721470233e-31
1.851408946813398169e-24
5.428390265365627965e-01
9.707445711808013559e-38
1.837469481168096691e-33
1.671093184326941788e-02
1.111973393177695738e-04
2.095965913264082138e-41
7.091435668234243136e-32
1.081648472707028082e-31
4.897363781374600842e-42
1.389077234514559123e-41
5.124588016207927000e-26
2.977425209035156617e-01
1.890596339227230684e-40
8.944749444623842256e-34
4.390221359872073950e-106
4.753990257467166636e-01
1.122557969783341963e-01
1.342747532618021471e-30
9.074621797314078113e-23
1.591886120060154841e-41
2.374389618439591218e-02
1.214337098313505267e-11
1.497754349591233096e-22
2.672988854758934565e-02
3.032973995730431098e-28
2.393670880818656473e-10
2.128327127857790324e-01
3.345315194132502529e-02
2.964561129982110086e-43
6.972265048274825811e-32
6.285842564006022881e-07
0.000000000000000000e+00
4.325017047017797738e-35
1.746905230299620331e-41
1.750002430214523793e-41
1.523743592362897152e-41
9.707860294640296668e-15
1.877804846035999523e-02
2.435514981619324635e-31
7.650871909705581064e-02
1.729999940710082485e-41
8.206287064420132341e-74
2.429187015659836912e-01
1.586260701341553910e-64
1.011759325991544098e-02
7.690270291445976532e-65
1.658650294563148531e-33
3.401674840114053540e-59
7.900005029219320241e-02
6.170759608005936516e-15
8.895344412328429613e-20
5.906460879209976533e-02
4.308344557722115261e-71
2.047351092530794725e-01
9.512562759558296221e-02
4.338736674371604374e-02
1.705651460266766995e-28
1.233656210015138081e-43
8.553293221148698666e-02
5.999141380078754776e-02
1.624118190490698443e-01
3.545106679686677292e-03
3.245607540534228160e-37
1.705474125534393360e-41
7.041694932943752538e-02
2.296390141070041862e-06
5.328300011594656149e-20
8.374102979799834257e-02
4.926493191426452331e-38
5.379670601422659959e-12
4.138624261734311479e-07
4.635614912833267431e-01
1.956220055107685263e-02
3.486025958858786633e-01
8.375910174371997696e-02
6.534181851928365370e-02
2.613212427225558056e-03
2.471403513758437531e-01
3.085148818861338776e-03
1.743677166596730999e-01
8.992650548546391843e-15
5.800955712754048837e-02
4.617305318521356871e-42
2.489217381722922100e-04
2.119895685222792682e-05
2.949427853848415187e-02
1.919581750264479458e-27
2.856701369325916895e-01
1.819559661180558544e-03
5.247549993078969542e-03
2.406587527182637298e-01
7.855033625386220741e-02
5.923259811463125291e-05
3.122343776497079060e-01
1.015988195144611127e-06
7.518208898025498244e-02
9.324636934470469190e-07
2.330817512359279173e-07
1.051236188556503424e-23
6.553222504871777931e-02
3.195397461711348419e-01
1.207404283805082833e-65
1.272486486285061485e-41
2.356948612342709517e-06
6.758907392836242811e-02
4.061344532306165184e-02
2.412483110678776028e-03
6.261394268146382169e-02
1.788267307604629319e-01
1.904620631231313028e-16
2.905196460149419263e-40
1.323529253897168737e-05
2.675975770138920319e-25
2.690391127798832859e-07
6.236800726037455052e-39
2.795359570182862595e-04
1.850342482165666814e-03
1.404907376361358255e-02
1.106465245165815479e-02
1.819906979519572081e-41
8.025227371707003622e-05
2.082804809940314888e-57
1.545299187625547721e-41
1.801621942878494553e-41
8.619306776802516598e-04
2.511887996927772245e-06
9.631563621508468261e-06
3.982960177454185341e-05
1.019138742153035112e-08
2.763880279400442505e-07
2.299545677066144071e-07
3.418292425514448118e-01
7.680093808921846232e-01
8.091223116587059616e-02
2.697768583937045330e-05
1.015992117647967607e-03
2.344024263723033401e-33
8.445256357270887514e-04
1.431979420604491682e-01
3.436946944730323196e-30
9.519231141921076500e-02
3.313976033952523714e-01
8.558537251484733821e-02
4.173244684378595891e-07
3.250419963015865193e-02
2.308026376693750603e-01
1.251075860225113121e-02
2.155155197239109754e-01
7.074052677792676096e-03
1.637945857128407661e-41
2.093334332215239235e-01
1.293490620662748891e-01
4.054298191682407793e-01
3.031390588688318935e-06
2.568241411234900998e-28
5.012338022666759652e-02
8.774722433511274178e-02
1.020335098657731282e-02
3.350790880467014593e-03
1.174441244255810766e-06
2.169133926584427266e-07
9.761756878191901743e-02
2.061632767192477511e-01
1.008610476033758134e-02
1.930304250762527041e-01
1.866964435720180893e-01
2.391812191014291240e-04
2.132757028883953271e-03
7.286968166102567008e-06
3.978891241258190881e-02
1.291271599941166692e-01
2.872207025240344769e-02
2.156209507415529376e-03
2.186490113483032488e-30
3.237523579955669389e-02
2.563797289595542229e-07
1.728093349310537083e-02
2.800858529208677741e-02
1.634450193086917635e-01
3.466606619366478098e-02
6.429880239146175878e-38
8.329996884553177226e-05
1.791580606355334671e-01
3.434639212806634423e-01
2.029464360919034094e-01
3.296930797663805146e-02
1.520468097803627794e-01
6.284663858393273184e-02
1.033290241169249196e-01
1.591811953159576844e-41
3.208290852680558899e-03
3.655918394023642826e-01
6.895673401115787913e-45
2.271270700787276220e-01
1.921313602965609227e-02
2.898906003188777289e-04
2.647432183870223055e-01
1.802876739041455595e-02
1.282820046547939082e-02
1.723755485447244840e-04
2.339841509562072347e-09
2.169733229529057505e-01
1.446648278386754064e-41
2.072687372150263843e-49
1.617833347877116815e-03
2.134966794114245142e-03
3.087556865299422807e-03
8.394779754825555834e-27
1.097582050143018802e-03
1.618793481435083605e-36
1.229219038258650698e-01
8.551332393827361378e-02
2.149193831461638796e-07
2.777212344924876453e-01
2.150540650119156831e-41
2.952740590526194420e-01
1.760974313454559246e-21
8.101777159578945194e-17
2.417263032224583568e-47
2.261609974391440446e-07
3.926328082582616246e-72
8.562003013997381673e-39
7.740970955457376478e-05
4.097046821318241737e-03
1.924246202599983746e-01
0.000000000000000000e+00
3.063367078250387913e-05
1.114556784631785119e-02
3.461929629088535826e-02
2.350569758452958260e-03
2.498547008217797405e-01
5.493994786317888714e-03
1.336877186151470094e-03
9.517650617434360465e-06
6.564887400877973282e-13
2.155192640615258004e-01
7.921469837659133932e-09
1.852669157268161115e-01
1.823320428826342293e-02
8.987139987130334888e-13
2.337740188580080536e-01
5.106739584382925296e-15
2.713842755954717267e-44
8.793264943533834829e-07
2.726910932295238449e-27
3.418421619860578103e-02
7.131065484865456439e-02
5.021183441033189356e-19
3.021352065137988855e-29
2.112602202363317652e-02
1.515150129091906994e-01
9.099741154812822079e-32
2.540412473320332598e-01
1.700783849125143965e-02
7.081837770202888127e-02
3.344716817877931014e-02
3.470139537077870053e-07
1.024780090927027293e-01
3.652351704627355283e-02
6.930850806525983286e-09
1.219572752192771975e-01
1.224016148927004845e-41
2.355515379335529069e-01
1.983276362194006629e-04
1.222744784296561982e-05
1.651556299170008624e-01
3.023455146261175286e-01
2.167116614677506714e-01
8.106122812318114508e-35
2.466601391523070003e-40
3.239619022692413175e-39
9.390197763604940517e-02
2.630775285593632596e-19
2.373049674150730926e-01
4.196872749221065846e-02
1.115993003913548253e-31
3.933201508324566352e-03
3.069185833806923867e-07
1.495356287287816406e-40
2.440277096277836612e-27
2.753563406297535542e-04
3.758631911693549528e-05
3.214092332229695250e-32
8.946522820590805483e-07
1.493060793513564597e-17
7.224774965200106425e-02
9.081631936137543364e-10
3.442137651207682168e-43
1.178121189349603526e-01
6.577576122549814996e-02
7.293237935775662346e-52
1.389808103100865500e-01
1.627508316135104979e-02
2.482317971523081285e-02
7.038596874547911608e-02
1.870796771605308106e-01
1.832448376988905671e-41
4.356302356847599867e-30
6.511423839762934228e-06
3.063696913129715371e-01
8.660670208883910032e-34
1.681538997443411676e-01
2.572487092382930336e-03
1.663068760975434213e-34
5.183577345625003013e-05
2.025251689580875869e-01
4.876898161066780396e-02
8.576287392669446064e-02
2.078247796551111530e-12
6.445055688916775938e-02
1.646547045059318093e-01
6.294461658273941281e-28
2.498104278435581138e-01
4.812195597642084978e-05
6.211526972394221247e-01
8.256093472727724092e-02
4.289219034019253124e-07
4.810926148799256860e-42
2.132370779964852525e-01
1.726948105131421960e-41
4.447934984256034924e-02
2.852127640835187693e-06
5.045318106025954435e-42
8.629360276403613694e-02
1.525327288396329806e-01
0.000000000000000000e+00
2.212754066609935177e-01
2.933745078308788198e-06
6.140508928113865700e-02
9.004757998476198289e-02
1.546210312621605978e-02
6.432337945846421101e-02
1.192022369306752760e-02
3.275900509365420386e-04
3.012491590572779152e-39
7.562894344715670945e-18
3.219617338336819437e-15
2.374282314554378129e-14
1.486522527723167081e-37
2.444677209847780163e-41
1.065078308155573417e-01
9.328183344285707219e-08
4.624376047585675997e-01
3.689798389626108288e-01
1.207356620883964822e-41
1.482094092543256984e-23
6.267592641610676768e-38
1.296866159041090705e-01
2.270762554309536583e-06
8.439400669324738369e-02
7.958554095680045459e-02
1.221632862781519696e-01
1.093310342262946294e-01
1.359805448972438435e-01
5.929723608213803565e-02
2.676580694513709668e-02
1.157326428551147951e-01
4.543097703305187113e-02
4.752505444744657566e-32
1.602656327235380138e-18
4.618889283952577751e-02
2.064847549004322823e-04
5.334072483177928713e-07
5.122418735549745250e-01
1.308125837232796129e-01
3.136286504052270413e-41
1.524945371954870415e-38
2.829391601732152428e-01
1.235044207401051223e-03
2.015090359261771901e-41
1.438903913219474195e-01
1.210039472637727542e-01
2.078798562554243501e-01
3.718364561651354983e-01
1.470497841269401140e-01
5.510909520093059800e-47
1.500616391382617598e-01
5.917943609157459983e-01
1.997692355126167718e-01
2.487949703201301210e-01
7.188172942797497351e-07
2.539085864077612609e-01
3.025523268084156726e-50
2.133368947227142698e-41
7.629292706576780436e-02
9.067910089623511249e-02
3.290315535192174252e-03
1.075398587426162206e-01
1.561209983375757560e-01
1.196087287542383637e-01
1.624970888002229795e-03
7.520294117327239571e-04
1.258934004568295527e-17
1.988479842477046506e-07
3.373828284964086599e-01
2.612681755032426282e-03
8.100482693997317074e-02
1.862602105534868319e-04
1.245880993740128700e-01
1.964772572945742285e-02
1.499622771655539366e-01
2.136940969529434452e-28
1.184064300974847911e-01
1.560493905501241785e-01
1.398493521644198490e-01
4.728169104353102342e-16
1.979373559901139237e-02
6.076226947072918549e-02
2.916313116776889725e-29
2.759964398445180229e-03
7.442665648115501242e-02
1.944035003434990000e-02
3.920652526001710408e-02
0.000000000000000000e+00
6.695715561590843967e-02
4.281898810582452850e-04
1.151874385217980939e-01
8.147580660842388368e-18
1.071713448641871825e-42
1.755279075205667394e-01
9.364324838594079841e-13
7.035888826828631815e-02
1.311644992232997853e-01
9.962253855465538132e-27
1.180480025879339923e-01
1.266835488140644617e-01
2.020837884122474448e-01
3.468634389851952172e-27
2.306762804569645331e-01
4.437663614588856495e-15
1.602419485625245487e-41
2.946822156198180553e-01
3.589835433454344615e-12
1.815853764083141641e-41
1.909109244695009755e-01
3.196057000910193513e-01
3.474091245231963332e-01
1.961755908545742208e-02
1.862174299401990257e-03
1.034083525755921780e-32
8.802110396748314806e-42
6.979207869153382154e-04
8.089598188245350485e-02
1.326394454561289850e-41
3.575879530826625019e-01
3.647829405173930594e-12
6.686512261449713257e-06
2.836946418637530085e-67
2.886415134269145095e-03
5.383282445865094251e-05
2.940664524700896676e-01
1.745392143181937750e-01
2.144022589991946559e-01
4.158201771948270842e-02
1.428487251551783521e-01
3.787900153311910545e-01
5.578252058614250811e-05
1.486608696214121853e-41
1.586988379460078454e-12
5.436577978783726676e-06
3.890149493202148582e-05
1.767911063570190122e-04
1.939458794812331643e-03
1.038887185291547589e-06
2.258706099550293889e-01
1.249500197333899068e-36
3.340810748258414044e-03
9.519067221933015949e-10
3.406778682351061655e-02
3.604637505360887284e-02
4.610121991814615263e-06
7.556558668689881651e-10
1.628311243120329765e-02
5.500312616268753230e-01
4.418897720160977483e-03
3.118502122391503340e-07
8.113614559137549698e-02
2.466431380144812373e-07
4.670564386594377310e-02
3.142322126673505769e-05
1.533037727866514806e-21
5.378414255878027430e-38
7.444476155248489767e-27
3.102492417146921161e-04
5.275489187537872826e-16
2.974914915504861881e-02
3.009075610383529688e-03
4.610110302628063613e-04
8.508156725625798708e-20
1.461610896247651561e-21
0.000000000000000000e+00
8.989353323449921195e-67
3.093945509727742705e-06
1.184639506782109571e-44
2.559676620138074399e-01
4.063815796614752514e-45
4.443256675356834493e-07
6.844536417040576748e-02
3.962657009959934251e-02
3.729871848965678471e-01
6.327476100900305753e-03
6.226098350708249296e-02
2.901570117745413439e-05
4.409066233308834783e-92
1.334083907339923246e-06
1.087396615739016194e-14
2.977130286993973085e-01
9.391629736216285107e-02
1.249676874973865463e-05
3.181683416192939567e-02
3.521540929512832300e-29
1.707460852445717991e-01
1.116168174376543218e-03
4.774301827068405037e-07
1.981632491316590185e-07
1.516773745161423548e-01
1.725899295177049609e-03
1.531710936270425970e-44
3.034995585678905062e-32
4.941152428037609649e-05
5.211022155438609776e-02
3.257379590299481764e-01
1.016319720812101099e-03
6.926888695391083362e-54
1.970239091028127919e-05
2.106824335417693816e-03
6.038250697806574890e-02
1.340070471281859799e-01
7.686356446055155056e-02
5.935030898709509062e-01
2.797203534680207659e-01
4.814204706731345875e-57
3.658209789395939799e-09
9.539555470515881375e-02
1.698790556764524229e-01
2.854738448015409769e-01
8.486683297745557413e-07
1.457547378420129824e-01
4.025637988272282442e-07
5.273429526900277379e-07
1.944942086322395680e-01
4.511277784475863778e-02
3.043804428126893336e-01
2.405324059654848079e-01
7.150632914816501540e-02
1.720754295469805798e-41
1.073580266862014521e-01
4.439707274310368244e-22
1.558189352860209487e-01
3.948077930830356727e-03
1.416091089688904383e-33
4.565363720146743817e-41
7.322046047971690263e-57
1.599923339105605051e-32
1.035143381370801606e-02
7.521892957396106305e-02
1.877449546664036988e-72
1.163908268820828956e-01
1.437872141623188285e-02
5.265444435245730310e-05
6.311874354279365384e-01
3.094923779202658071e-02
6.535164050812774226e-05
1.096010768669242099e-03
3.025887670984491980e-05
2.913707350725500241e-15
8.410953211337132315e-09
2.478293897301385214e-12
3.267524297297031343e-04
3.470161242984807193e-31
2.018728696622386263e-08
1.062038369615865250e-38
8.183065997241093003e-08
1.016136591237595289e-02
1.008479250008179447e-05
4.009144598970188600e-31
2.251017630088500976e-01
5.874630913679493305e-02
5.733748240795057046e-10
9.231896177051172880e-02
2.198990569649280002e-06
1.912328063171124265e-21
1.324491286362962025e-02
4.732557855726768903e-01
3.655173793306125316e-42
1.924230830606013243e-01
1.738171292983646879e-02
8.803815885946608168e-04
6.591393042679519719e-03
1.031208720309206214e-278
3.478395495052281072e-01
3.958527446291997564e-10
5.209258578348127111e-01
7.939161431590522136e-03
1.448909621965052107e-49
2.168412197563235777e-04
2.344617745278731180e-01
6.453426842541871988e-02
5.889850170712730704e-02
5.094148472625956865e-51
3.826445520373744051e-47
2.557330877782401100e-07
2.243230432024580201e-42
3.063139606767382728e-01
2.440457493767392468e-03
1.839590218595077800e-04
3.700760047828136057e-02
1.838145651824718285e-01
3.351697718508573283e-42
5.093568339125811861e-02
3.780329207208792813e-02
6.307144215927293351e-02
1.491304169975963545e-01
4.856634168274086953e-15
1.662830530611507929e-01
7.469933489565637810e-03
8.132474621669895376e-02
2.241018790182158424e-02
3.494001493561642549e-08
1.523484555317740075e-01
4.245602792975403106e-02
2.581795465059243469e-02
1.677396957908447210e-72
4.249223703193067977e-13
1.797169565675158232e-01
3.397246810542870919e-04
1.374330314761103462e-02
1.493795925140150860e-01
6.598326815762302344e-02
1.665785193583865509e-01
4.474310265429406334e-37
1.515119581717740138e-01
2.662417302479539501e-03
1.060233767093775045e-11
6.183175036797245111e-04
1.796844928938365685e-02
1.518721727933717604e-02
3.167595341544468101e-03
2.644337809044350285e-37
1.574281071504201046e-01
7.399284004885837290e-03
5.318119314734449238e-02
1.506698979230990781e-64
2.888213215541789287e-06
3.640184349809100120e-05
5.197113520493444883e-01
1.432677358586673944e-01
3.409825727550428173e-41
4.979016877914732938e-14
4.724795374462695464e-07
1.916438209783430712e-19
5.098898660625753678e-23
5.683497708083406347e-02
6.372404373292684136e-70
1.181405728466784588e-17
1.480256973540373220e-14
1.886733588318686289e-02
2.611952654809492902e-01
2.942671561721991735e-01
2.237236920043285116e-01
3.566696704554599417e-01
5.145879851531843796e-01
6.861346121686269506e-02
1.238161481895338783e-14
1.693598589328995305e-02
4.137504323190644429e-01
3.220684324098923040e-41
4.522632080418237388e-02
1.608278176672773038e-41
2.122301793165625242e-03
2.496618460835672280e-31
1.492712621220512181e-01
3.812344624549842548e-02
7.611978554372204886e-02
1.361044012632742774e-31
5.688427783330739176e-07
7.349514238486425104e-32
7.900260032710408492e-06
5.772798785070772564e-41
6.041236514805933578e-41
1.219509932212899783e-06
1.150040420370422459e-03
8.455493513971211461e-02
3.718865462886749018e-01
1.571377041566019150e-01
7.272043345301580468e-03
1.029092470149783365e-27
1.772579475524675013e-02
2.044139345547114905e-01
2.987623412371101517e-01
2.692061283052094937e-06
5.153410254426311898e-02
6.817464835257633360e-02
7.551965184034137302e-02
3.780414074229065643e-33
4.949328965602644431e-02
2.735650642333073063e-06
4.788819384838456289e-22
4.383167458161415576e-11
4.857233772121465667e-05
3.504460679817541493e-04
1.592401679026880096e-04
1.436904510779205306e-03
4.258630565028943132e-02
1.731069645278943830e-02
1.763720428862356193e-01
1.100482761752886833e-02
3.388778701145294171e-65
2.503588084457245358e-02
1.459459708009919112e-36
1.072038513577456935e-02
2.174789148796355872e-17
2.531774731965249487e-34
1.200272215148782039e-41
2.522127766829469590e-03
1.513333079881386650e-34
5.956133417616200828e-42
4.559896375947501343e-03
8.465403018754730943e-06
1.112740564257578318e-37
8.759174491979677263e-03
1.407245155390992459e-38
2.232570300992209886e-33
1.008694500219740608e-01
8.405698024478869733e-07
4.140305649237802088e-02
7.078771309561417536e-12
2.931719733225255156e-02
1.594855994357886669e-03
1.221962770366361610e-06
1.513477212201430055e-01
5.682897353991403132e-38
1.803930337886656239e-04
3.662504889038083467e-01
5.375426176596665882e-04
1.057782241015662239e-03
6.120086629307770450e-04
2.591698498375073489e-01
1.074388591836014928e-01
2.437752750232652643e-01
2.608271043878290438e-03
1.492363767223650939e-05
3.263157027720670242e-13
6.122871802866015861e-40
9.051939984901308318e-26
3.527565831430681847e-05
1.463825493141135137e-01
2.086769211006687363e-28
1.974628818361186533e-01
2.498331681602867860e-18
3.359128407377409697e-02
5.127236226078217829e-01
1.418680358782032358e-01
3.111380463366753002e-01
4.550399508013280444e-21
2.589899226848194145e-06
2.191886996599933148e-42
1.343018062371096333e-01
2.017855897397945533e-02
2.331198514425171509e-01
1.820591275557586208e-01
1.126891865933258019e-01
1.054678297195990183e-01
2.155505374561972887e-01
3.695057950573717998e-01
3.723684304893197355e-41
8.492982065698197192e-02
2.207449275599411362e-14
1.603558083046271732e-01
4.746185897127467011e-15
4.585428006820850013e-07
2.412768131354280435e-02
1.019069889726561283e-05
1.430914330618242394e-41
1.090638005527498344e-08
1.727179817713366327e-08
1.880713398138352532e-01
7.834550299842526697e-03
1.342709502845763347e-01
2.850841739059967694e-07
8.899722594817876916e-07
3.410094098195364659e-02
9.092342823954847387e-05
1.106212570773390177e-02
8.248187573397416927e-02
8.666515926701598427e-02
7.345850848820586722e-06
2.744023213566925135e-01
5.453470941265051758e-06
1.871705318252651074e-01
2.539231271418784450e-03
5.925654657410757142e-01
5.553077241941968916e-42
2.297679895254851057e-01
0.000000000000000000e+00
4.849934660238884358e-39
9.822105709963424580e-02
6.060736453143145696e-44
1.344752410754583128e-29
9.660013638832772327e-42
2.303270795073728001e-42
1.402256426464537900e-60
5.384614570896592988e-15
1.778493853594894985e-03
5.196117246988462765e-03
6.037469100501955776e-16
4.251595250646042490e-01
3.849964457887335612e-42
1.156038247790434686e-66
7.095705809211729407e-15
1.215529185845363550e-05
8.150923477807308082e-01
1.800453160332834979e-01
3.201097144187485810e-01
1.768342767097407057e-37
2.663132153508577666e-06
1.004811212026234385e-01
2.002435755494768888e-40
1.106624763336896966e-01
2.620544146650928830e-01
7.262831308263204108e-05
1.485494738544073664e-32
1.414851180296012753e-41
1.502864459471253286e-26
3.132203070940566859e-03
6.698583080197144531e-06
1.525450900592331056e-05
4.274587457509224393e-07
2.154043532306919306e-02
7.482510616328111456e-07
3.133813526230724519e-05
2.677957088796788948e-04
2.924149606852247218e-07
7.219388513424750131e-02
8.793908537434113855e-20
4.781123036081688822e-03
6.925031140270296315e-02
9.674593683602538071e-24
1.103636703430588145e-01
5.553393048343862804e-07
3.226515439868694374e-07
2.477298276161818949e-06
4.167397478147964021e-07
9.633257931474236973e-31
6.245964757666717937e-02
1.300223571816174983e-10
3.382101632835223836e-21
4.927415317356823992e-05
4.198422002584928901e-05
2.501034741388248707e-12
4.198009617564345264e-02
7.450481253461996300e-02
6.223941696064395623e-01
7.466043235283904671e-03
1.419315829274660798e-20
6.404415944687272821e-01
8.129201668600182229e-01
4.104146470874502252e-07
2.607874568581849009e-32
1.657360308821531625e-01
4.941041119925268909e-07
1.185015474882743086e-01
2.582951633270747505e-01
1.037198274431159255e-10
2.214685315736233413e-17
1.492440471759384473e-41
3.756720937719586705e-36
1.568116620508795966e-01
1.455755654409324751e-01
5.234825972016096118e-01
7.921032234278759798e-01
1.705772995903324545e-41
