# level assignment, log likelihood, tiebreaker, ID.
2 -372.613743962 0.794605634673 2
3 -369.619127323 0.927242251606 4
3 -339.737820168 0.303881991081 4
4 -354.424620001 0.806754537298 13
4 -345.191855565 0.668525479326 9
3 -349.3835541 0.906898884141 4
6 -317.806948256 0.0555118338097 15
8 -308.719868707 0.64703135557 3
6 -312.017877163 0.173932979314 1
5 -321.465399112 0.549216052413 15
2 -385.977720106 0.93807415181 15
7 -313.021633237 0.497839906913 14
6 -318.087715565 0.0121826421968 9
2 -376.169036689 0.539139267866 14
8 -310.149506307 0.597138793213 6
12 -304.54653881 0.415814896011 14
13 -306.153978127 0.540284923817 15
13 -306.248844151 0.0261388612164 2
6 -314.162774942 0.334881861337 5
13 -306.557510746 0.662587981888 10
14 -302.392787188 0.0783893768813 8
8 -308.026772655 0.703936849872 9
15 -300.933270076 0.461893555771 7
14 -304.228421459 0.1709788951 8
15 -300.685505591 0.0697536551988 7
15 -298.971714961 0.145660675735 7
17 -286.996491571 0.345709946184 9
6 -308.343466348 0.518632911438 5
11 -306.713847183 0.495393999746 6
15 -296.32521838 0.0387069134503 4
18 -279.884956298 0.114081483271 15
18 -287.97645473 0.4563644716 4
23 -268.670804584 0.260558520099 14
12 -305.822986255 0.213718380379 5
21 -273.713776465 0.558712543766 9
16 -299.066297833 0.334354491285 6
16 -298.287095976 0.478621805118 6
7 -313.638743061 0.994451978006 1
12 -304.216936713 0.506667517912 4
26 -260.065567057 0.289940130674 15
2 -383.848865908 0.126426324684 14
24 -262.972666911 0.723742255044 6
16 -299.476597166 0.513535853182 10
21 -277.955816022 0.522072474527 12
25 -257.753349316 0.143095360005 7
7 -311.038894554 0.487300113841 0
8 -309.320316876 0.645397511874 2
12 -306.05481386 0.0912135596475 2
23 -271.115189897 0.862540616253 7
22 -275.57449048 0.415878487819 1
27 -254.378843017 0.834550381572 15
0 -4814.68676868 0.525737440427 11
2 -378.132206675 0.96322401676 10
21 -277.173619248 0.948285276011 6
25 -263.64409879 0.780711661753 13
12 -307.121281294 0.261833468228 10
32 -235.436332606 0.65300061155 12
30 -244.759132937 0.473074690341 14
31 -240.182787607 0.98108731779 9
22 -270.579926605 0.356580055938 14
27 -254.990420043 0.773271143076 13
26 -254.553971625 0.69626916099 14
8 -310.231831662 0.226018933881 8
29 -244.035881717 0.195442289135 0
27 -251.802471242 0.636636952982 7
20 -278.621879987 0.343406728346 1
22 -267.130863964 0.409807945193 3
22 -274.674313383 0.474653397289 3
19 -284.796759708 0.366433049687 6
25 -264.270201394 0.677747929309 1
5 -329.534004447 0.196978255136 15
32 -234.75022118 0.604241047785 14
37 -215.733398319 0.222163769527 2
35 -219.514120731 0.829552121793 13
26 -257.815265092 0.596271611889 8
24 -268.370308854 0.439511037407 9
36 -219.104762302 0.219740824389 5
19 -286.61999489 0.199579469103 12
36 -211.593603856 0.209827918838 1
41 -198.727535858 0.486416787919 4
22 -261.050396273 0.273280436656 13
30 -233.119814427 0.749950867939 5
36 -218.509807117 0.701481836547 1
19 -285.28373069 0.354410236324 5
39 -206.257225821 0.808121729748 7
37 -213.179477244 0.131762515629 2
25 -259.022027868 0.727262944399 13
36 -215.292853445 0.139453441169 13
36 -218.73975381 0.0791312339239 11
36 -217.761293916 0.363181161558 2
15 -302.366948453 0.412827149116 9
22 -275.495406404 0.864174034325 9
43 -192.999692917 0.0568200844632 0
32 -230.078340859 0.16672984584 9
36 -219.075511097 0.91510040724 6
45 -179.349747625 0.595909274959 3
13 -298.042094311 0.0575210671529 15
42 -196.180453765 0.1979711808 5
31 -239.232680455 0.372409415075 1
21 -277.924425755 0.467509069455 4
33 -231.134185517 0.792583949066 14
40 -204.6968664 0.244832279837 11
45 -182.537191514 0.154004941484 0
26 -259.420717008 0.785023681708 10
47 -181.146961149 0.730402421317 9
29 -239.114925683 0.334587360456 4
36 -217.717602473 0.0491842610973 11
46 -181.58967813 0.113911646649 9
50 -174.351222925 0.372426537124 3
42 -192.544490785 0.204008467731 9
34 -227.246405034 0.254352205327 14
45 -188.081730532 0.626890814717 15
44 -190.037773177 0.962971596405 0
33 -224.955772758 0.940376454369 4
35 -218.213441932 0.991375803199 11
38 -204.451226397 0.348479827278 9
51 -173.780776649 0.162748955619 8
36 -217.448663639 0.905587845651 6
43 -193.858854362 0.945916127715 4
40 -198.899701613 0.592065512418 3
46 -184.99660606 0.643320167164 0
35 -216.922979372 0.752024315088 8
40 -201.403584228 0.206053693636 6
51 -173.128913606 0.412337421636 9
38 -206.660131107 0.714949639973 3
43 -187.93407012 0.401055257308 1
30 -243.213595249 0.475785408024 12
43 -192.011797458 0.323930270857 13
43 -189.886542227 0.663947463855 14
47 -182.710232864 0.4675134838 8
46 -179.473554426 0.121976778721 10
37 -212.731098217 0.881280081175 5
43 -193.560733999 0.0715194357463 10
50 -174.286852601 0.283340621561 7
48 -176.47667347 0.65308032526 7
50 -174.409872202 0.422095967391 1
43 -191.593980313 0.504581556825 7
39 -207.652019237 0.387464128486 14
40 -201.338879979 0.911054114114 14
37 -211.959508399 0.600945998951 9
38 -209.805617754 0.72954777183 15
42 -185.695582086 0.758256398277 9
36 -217.075395933 0.302958906753 8
29 -245.455840247 0.675229171921 14
46 -181.587584384 0.169297833083 6
47 -180.438738734 0.0562048158042 1
53 -170.496004425 0.628136106441 1
43 -193.129285423 0.623788342177 8
39 -208.136377766 0.168513558815 8
43 -193.504930006 0.469619548343 11
30 -241.10838027 0.271085072993 15
50 -174.752511402 0.644663386904 6
32 -235.332350594 0.186208525397 5
54 -168.607122581 0.849481596033 2
52 -172.194747151 0.976848956244 6
46 -184.871079961 0.0251651983743 6
47 -174.201208683 0.47093319665 1
32 -235.42147906 0.241298448023 9
36 -216.65261717 0.783647604485 8
39 -206.941957329 0.130930474111 6
15 -301.490485871 0.202218455604 15
39 -206.260354264 0.288300384298 8
56 -164.891331743 0.69506274803 6
31 -238.214990607 0.887388177999 15
55 -167.411025999 0.921691167184 6
29 -237.568284013 0.643463795045 11
58 -164.425975872 0.568607321352 6
57 -165.888051568 0.0023159594447 3
26 -254.501246309 0.766067249101 7
11 -305.161079781 0.745119402402 14
50 -176.212869325 0.904240752845 0
55 -166.708740703 0.22928703158 1
51 -171.401387604 0.0538985335042 0
52 -172.620411193 0.456932539483 2
40 -204.062879664 0.00959733183641 7
48 -179.524900827 0.0653966277702 1
29 -247.75578961 0.0444598610474 15
42 -193.481133895 0.700820037968 14
57 -165.475021975 0.385924555092 3
35 -216.691546383 0.418816567852 14
32 -233.909620124 0.0869010128278 7
10 -308.01919779 0.440417080031 13
52 -172.065367094 0.968114941332 10
55 -167.589789895 0.632539764121 10
47 -176.651710674 0.443541730738 2
62 -159.500186176 0.997474838327 0
62 -161.015649318 0.949348212421 0
44 -191.016172645 0.725177549129 2
63 -159.607560071 0.623825848826 9
49 -175.449801348 0.340308226407 12
46 -182.649306252 0.826545112804 4
44 -188.838846862 0.501668739403 2
35 -222.35942213 0.0396677675055 15
59 -163.291133499 0.882770932737 3
31 -235.687913423 0.896311908476 15
64 -158.844692408 0.712017390943 0
48 -177.81668969 0.500489332896 11
49 -177.487248819 0.886185162628 12
43 -191.548443868 0.684258519043 6
43 -193.072535385 0.86453893421 6
38 -209.973762774 0.712691783774 13
53 -169.587690158 0.942992717191 11
43 -189.60366524 0.764387124122 14
42 -196.504735541 0.0646054436386 13
43 -188.568771341 0.456490735412 13
63 -156.90349294 0.526789814054 3
40 -202.211552265 0.536759198234 6
65 -157.561706993 0.0585300384186 1
40 -202.654139828 0.860718186146 13
47 -178.415774833 0.234887344872 8
48 -179.961927161 0.424313463954 4
41 -200.535492132 0.505428695431 6
69 -153.109078154 0.911803690455 3
66 -156.544893382 0.0280618311479 3
63 -159.460246939 0.283682002066 2
61 -159.689514058 0.160047869373 11
47 -170.366413734 0.740716441025 9
41 -199.276752082 0.840062600076 10
49 -176.028846394 0.729360155325 8
70 -151.607992189 0.540292886102 12
65 -156.872136392 0.605217073864 2
40 -196.082205213 0.647587015481 7
69 -153.447628003 0.585429428319 12
41 -201.006077375 0.814207977246 7
36 -217.069578043 0.0956295674533 6
70 -152.621462701 0.205671313429 1
67 -156.009828586 0.746040006433 3
59 -163.693617482 0.578410051195 13
66 -157.282937553 0.900307347345 2
52 -172.605356554 0.340546018922 10
66 -157.319576812 0.923936123787 13
58 -163.018799838 0.792640723104 0
67 -156.239363101 0.157802086644 13
47 -181.967911433 0.868457078756 15
60 -162.218560009 0.283343210652 0
74 -148.075572022 0.829623772109 12
42 -196.273785773 0.888280939924 6
50 -175.974374269 0.612496909937 8
66 -156.161326572 0.96073915925 12
60 -161.601039538 0.988131523826 11
38 -200.163703129 0.306960421181 15
63 -160.077142828 0.529017600233 7
43 -193.856177502 0.625817062696 8
74 -148.283750619 0.373295142344 3
75 -147.225512977 0.457448249832 3
18 -290.890175015 0.168781701146 6
37 -216.275898932 0.186031059724 9
50 -175.506108113 0.0182484094519 8
38 -211.38403684 0.487088811257 9
19 -282.228928364 0.840515641373 4
36 -220.151227329 0.503620324735 4
51 -174.032160114 0.336486971584 5
64 -158.583157379 0.747157244141 11
78 -143.675471718 0.687408314367 15
44 -190.33416048 0.0227015611045 14
48 -176.176824746 0.750704354503 10
70 -152.290306236 0.762290433631 12
78 -142.908031595 0.208572561036 3
71 -151.310586233 0.140029492544 0
78 -142.832051442 0.212662993045 15
49 -177.28110686 0.796228266668 5
62 -159.325581353 0.425776978184 7
70 -152.139823384 0.611138510109 13
77 -144.463627724 0.863792458518 0
71 -151.260561721 0.596522480037 2
55 -167.150718806 0.191809986356 8
73 -149.705069923 0.076069177201 1
45 -184.806352116 0.20475163317 14
59 -163.865102979 0.591141059237 11
78 -144.523703515 0.36529448668 9
68 -154.945015723 0.203349477583 13
82 -140.685097897 0.251957511486 0
49 -176.467465197 0.926846984648 14
74 -146.75498935 0.357832568566 3
74 -148.391973242 0.252255461499 0
55 -166.816959378 0.19863340324 1
79 -143.074827541 0.802967429612 15
56 -167.233924633 0.210737657361 8
75 -146.561944681 0.285695315733 6
60 -162.643514398 0.822817594119 11
75 -147.882657397 0.886159653801 2
84 -137.370170707 0.693938488739 15
71 -151.718127172 0.223581701534 0
77 -145.285252515 0.00599942667039 4
81 -140.522702754 0.24705290438 3
82 -140.946982676 0.777383076555 9
76 -144.815177162 0.242206356686 13
70 -146.363323341 0.1232332838 6
78 -141.720240678 0.70631707333 1
74 -148.502905236 0.0700298479714 0
72 -149.106749975 0.62134167383 0
72 -148.563072728 0.71449162929 8
83 -139.70954551 0.217017653418 9
65 -157.97956251 0.363977104371 11
88 -136.348814611 0.554253997235 4
87 -137.139909968 0.183642620733 15
68 -154.76278188 0.347129620832 2
85 -138.794026177 0.95453665078 15
66 -155.895969723 0.0513598931695 2
89 -135.942369619 0.163139862718 12
67 -155.255391194 0.0345270722262 14
88 -136.204408146 0.862562529753 1
84 -137.797799229 0.699795848901 3
88 -135.558278595 0.624162490016 3
89 -135.302389439 0.966341866235 3
76 -145.881471297 0.833161428268 4
76 -146.540548485 0.121581567297 0
87 -136.898798679 0.327012561896 10
83 -138.859313979 0.846667941068 3
87 -136.884386206 0.0753470379028 3
84 -139.235969722 0.296286774129 4
66 -157.202292287 0.408425855437 2
90 -133.621787998 0.0711164645234 9
71 -151.567338667 0.336893315946 7
93 -132.564599031 0.363396080161 4
86 -135.609009389 0.0874635154813 5
85 -138.375056341 0.846893535387 1
88 -135.210894876 0.787054499411 9
91 -133.862637756 0.236019672547 11
72 -149.754476443 0.944112763456 7
92 -132.672627193 0.122965966829 3
69 -153.904691294 0.43608009228 7
89 -134.578211719 0.0788956973558 14
76 -145.317506752 0.794638559058 8
67 -156.307752671 0.759430644093 7
90 -134.540744111 0.872875021267 15
92 -133.416797317 0.596621199454 1
65 -157.19517954 0.226706532872 0
95 -130.751435793 0.570833798253 3
87 -137.297957073 0.54954705848 5
98 -127.474405086 0.418870953405 9
97 -127.885464398 0.486240959405 3
86 -137.772650076 0.013343876404 12
64 -158.512596445 0.837255494834 0
64 -158.207315655 0.164684355493 0
88 -136.702010059 0.778824587808 1
82 -140.686057544 0.830443229452 7
102 -126.109475414 0.362043156115 15
101 -126.711278336 0.312495240101 9
97 -128.996557033 0.735257405 4
100 -126.714713094 0.326554113051 11
92 -133.45772303 0.584412193561 1
84 -138.748025596 0.130110997073 2
94 -131.632326376 0.523665169883 8
78 -144.451304109 0.722499491688 2
101 -126.101904795 0.105714054483 9
94 -131.354733404 0.464150895224 4
92 -132.782979909 0.0776319431582 1
102 -125.365241147 0.690055867819 5
100 -127.129288077 0.689473629782 3
78 -142.401679835 0.388539578571 13
102 -125.677885407 0.983702594903 5
92 -132.256164175 0.332212622749 1
92 -133.458314145 0.213386297329 0
95 -130.310916944 0.513540076436 9
95 -130.928731883 0.897132512871 3
107 -120.26263276 0.852819376386 11
106 -123.256807019 0.0325772360028 8
104 -124.720522382 0.597416048169 5
96 -129.921318075 0.281729151476 1
106 -123.498986521 0.936535866169 5
104 -124.531992976 0.794700256669 4
76 -146.113511994 0.52101421922 13
101 -126.406403839 0.110772017195 9
106 -123.169250479 0.0177688637229 5
92 -133.374630209 0.932848974585 7
102 -125.847930996 0.0466602655235 9
105 -124.11554884 0.641980813412 11
76 -146.23971347 0.099425049333 2
98 -128.966234337 0.744096467342 7
93 -131.078652325 0.457671988469 1
106 -123.137687689 0.258955869028 8
93 -132.165330112 0.921877711386 0
88 -136.607769743 0.237408577572 12
98 -128.40549139 0.758746236483 7
107 -122.750125639 0.620700790934 4
98 -128.75937147 0.0652658043806 3
111 -118.246505194 0.955370734954 4
84 -139.421951188 0.314436467356 2
95 -130.367780913 0.963523110674 10
93 -132.15763423 0.944926703206 2
86 -137.076312021 0.787828154266 12
97 -129.473165433 0.795737511631 0
109 -121.0433669 0.176440016569 5
100 -125.977591927 0.155043605305 14
94 -131.790775802 0.383948103486 2
102 -125.614800263 0.623624824327 3
93 -131.958531117 0.759697099066 1
101 -126.730050833 0.181784279353 15
105 -123.961850456 0.370139025103 3
108 -121.483150978 0.634996944149 4
99 -128.06599292 0.555773860948 15
112 -119.145607277 0.0114054590129 5
108 -121.129038661 0.582113407811 3
93 -132.205908901 0.756062029497 0
99 -128.166263967 0.825752543059 4
105 -124.258663123 0.789990062571 5
85 -138.824834865 0.0419519275347 10
106 -123.67286858 0.559759989128 3
95 -128.954967711 0.611286853858 9
83 -138.379878937 0.389813163964 10
108 -121.184217155 0.224276402239 0
103 -124.232650317 0.979205575772 5
106 -123.183955693 0.985407927567 5
110 -120.354170979 0.706831990241 8
93 -131.790772191 0.58514499713 14
87 -136.541250814 0.860608337079 10
100 -127.052981824 0.415619978648 15
75 -147.62232966 0.29482244678 13
74 -143.210525121 0.238277750908 6
104 -124.423945782 0.362803266922 4
112 -119.158754344 0.872389353628 3
103 -125.416660881 0.230056371414 9
98 -128.38213795 0.589187430345 15
97 -127.058072171 0.671589696644 5
101 -125.777878351 0.111989807665 4
111 -119.075583404 0.811573968198 11
108 -121.061302652 0.934091856959 15
106 -122.376053661 0.127390761685 5
89 -135.221337282 0.990577877837 12
102 -126.003500051 0.166049691087 4
112 -118.7456171 0.128661307421 3
103 -125.322722255 0.418434773805 6
112 -118.331020212 0.820120077187 1
106 -121.414548445 0.860137762708 3
101 -126.619536079 0.387890668504 14
105 -124.113646301 0.898262184068 5
107 -121.817747963 0.775761222929 5
98 -127.930141759 0.675046445357 11
115 -117.24906456 0.768281074194 8
106 -123.688504479 0.449089594708 6
109 -120.919024613 0.215154852693 7
117 -115.95312485 0.942680672979 3
110 -119.868532591 0.733911659425 7
105 -123.258875672 0.0375068644051 4
102 -125.654814917 0.537221331062 6
101 -126.761816493 0.151275298843 6
106 -123.459546492 0.140701188537 11
105 -124.190936129 0.158990296813 2
99 -128.243852923 0.0930494170622 0
115 -116.332297544 0.112528232434 8
114 -117.888752983 0.254676301174 8
99 -127.497516422 0.808294737215 5
107 -122.786359126 0.907782324384 15
95 -130.396693418 0.812233888971 0
118 -115.098447176 0.905125408641 8
103 -125.540476506 0.976524053115 14
106 -123.369040919 0.554902396302 4
86 -136.451056598 0.183585638146 0
110 -119.754637448 0.531306636319 10
88 -134.875013693 0.720786614884 12
83 -139.274555869 0.440596222462 12
102 -125.372309637 0.930822406611 14
112 -118.654113818 0.352310927037 2
104 -123.929552214 0.396896338642 14
102 -126.216362342 0.296052247894 6
116 -116.795290251 0.226689030931 8
114 -117.652169675 0.255044806443 8
111 -119.736949088 0.314715586012 11
107 -122.68617004 0.550200347536 11
95 -130.853265764 0.11771230979 6
106 -122.649390885 0.688693188097 4
107 -122.403818439 0.0992725931112 3
94 -131.772272859 0.11670294316 6
107 -121.68793074 0.97766412372 7
101 -125.618034599 0.686254528133 6
104 -124.785126429 0.575241673456 14
102 -126.021564645 0.917362328179 9
95 -129.898811131 0.308093330062 9
109 -120.169273406 0.606472239158 7
115 -116.850025306 0.70114723981 10
117 -115.999141526 0.0152055691332 2
95 -130.138790466 0.807973886225 0
103 -123.908865845 0.894758021501 7
101 -124.4460211 0.216167518708 6
107 -122.508262774 0.0813155662294 6
103 -124.158837597 0.926840089878 6
95 -128.439599327 0.693036088493 9
103 -125.323313182 0.77067410347 6
103 -124.231397728 0.268287481435 6
116 -115.796033215 0.480999496653 8
116 -116.687812884 0.310766618234 8
116 -116.600523793 0.388290774301 8
119 -114.199415881 0.154394367372 8
109 -120.813317265 0.335610746449 3
114 -117.742376972 0.72428481742 10
125 -112.940185697 0.538599212541 15
123 -113.558177202 0.856617253422 4
125 -112.696093167 0.122319446222 4
105 -124.358383837 0.146846410573 10
103 -123.920127193 0.664219110348 6
121 -113.432413242 0.349286547697 13
75 -146.937330572 0.173783013963 12
124 -113.22108874 0.375304789874 1
107 -122.479955031 0.727090027449 10
90 -134.718956163 0.0924496662505 7
97 -128.964713698 0.290937687495 6
98 -128.835751756 0.909350841694 11
67 -155.50648697 0.424016949597 9
120 -114.699993483 0.975396023154 8
73 -148.18720021 0.844389639134 12
52 -170.67654662 0.707525328077 9
97 -127.842443034 0.0711295226128 5
96 -130.209042693 0.22724783589 7
19 -275.366270254 0.670978939833 0
85 -137.958112491 0.275957029328 14
115 -115.781064598 0.270864502564 13
117 -116.052118686 0.00276867514501 4
55 -166.036030689 0.805789372138 11
118 -115.584684109 0.571191194537 2
44 -187.427601855 0.958435824021 12
118 -115.295195129 0.49666459289 13
41 -199.259362195 0.646266964898 12
107 -119.469442529 0.142262447775 3
9 -308.011017805 0.315781589527 0
123 -113.530789459 0.170585781163 13
88 -136.121961067 0.0775291964045 3
14 -303.184894868 0.00267153950884 14
12 -304.088333692 0.610252193522 11
1 -381.378384198 0.665316690439 11
82 -139.371053048 0.456055755981 10
85 -138.296851095 0.786433125178 3
113 -117.181294781 0.911998306746 2
68 -153.29608693 0.0250279895189 5
54 -169.020603948 0.782636680229 5
20 -279.697495461 0.539187324348 9
26 -249.777715743 0.783761050773 11
28 -250.722497294 0.410364926388 0
40 -203.177683356 0.444197652829 5
39 -204.661919295 0.577974840481 15
29 -248.101081144 0.0218343376417 15
6 -309.395586371 0.953507745513 14
22 -275.22995765 0.191706251102 11
3 -340.738335138 0.17408871381 14
12 -307.323453071 0.363254972742 9
22 -271.796566863 0.239897428759 6
28 -251.130105962 0.602951806055 15
83 -139.98796788 0.736098351264 4
17 -290.66569681 0.0786700514231 15
21 -278.185014291 0.235709190792 3
51 -172.124395002 0.431297780249 10
46 -185.194414744 0.314633756745 11
9 -308.255612724 0.31399451081 9
22 -273.089910717 0.431545349629 3
22 -272.667727195 0.185569164165 14
9 -307.324992804 0.46071497397 15
10 -308.16460436 0.418123882962 14
27 -255.199635112 0.512877296224 9
79 -141.63109968 0.144122409705 4
15 -300.085273775 0.40044258909 0
18 -280.167682459 0.481298982437 10
1 -466.217470885 0.928643268023 0
78 -141.972782328 0.506343896439 4
62 -160.682515875 0.772845127288 1
24 -268.767053489 0.567892763362 3
30 -244.620560243 0.231492746959 3
10 -307.825239007 0.949364672385 5
102 -125.534759713 0.108666538105 2
38 -210.650500876 0.110919852737 12
29 -244.119489968 0.472940502389 0
53 -170.505865194 0.298172502816 4
24 -262.350878636 0.397783315931 14
39 -206.277508978 0.961081265018 0
91 -131.093172172 0.975745661444 2
51 -173.277279837 0.889515185777 8
6 -315.843703444 0.160108612283 10
22 -273.106858386 0.0632959482282 12
43 -192.878226033 0.938836568223 15
0 -5777.49504495 0.791354574777 5
19 -284.409858988 0.455583471488 7
8 -308.437781445 0.483828024819 9
10 -307.93362685 0.700423526029 11
10 -308.07207383 0.816980290589 11
35 -221.204071217 0.61632737985 11
50 -174.235377985 0.859905771149 3
23 -271.483576865 0.095010875092 14
67 -156.32739332 0.127211636727 13
7 -307.742037185 0.245352640311 6
1 -391.909226983 0.518501243298 9
85 -138.22398463 0.177996090949 2
3 -367.972054989 0.646587617105 6
49 -176.379558387 0.0409402169381 3
3 -368.696063637 0.518245516746 6
21 -278.287399438 0.940540408392 12
1 -355.6962411 0.111417046211 10
60 -162.769652992 0.240930504596 8
34 -219.574507574 0.126038638312 0
31 -236.99150156 0.632602088708 5
59 -163.586505991 0.264322055727 15
1 -383.622189225 0.275581500391 6
74 -147.793860311 0.594406014776 13
62 -160.84809763 0.127944613269 15
54 -169.160083998 0.951587510759 14
25 -262.926475165 0.106871883513 0
6 -316.72045016 0.717641286361 5
66 -156.988311736 0.420092496213 3
54 -168.049272031 0.288731289006 14
89 -135.687201157 0.705463865202 1
50 -175.902498285 0.268036748462 14
17 -289.458702351 0.526786044477 6
9 -308.461784076 0.680518695041 11
64 -158.228249402 0.236649763515 3
44 -191.034313659 0.110298273977 5
31 -237.50399736 0.576444235711 0
62 -159.828863069 0.332355998392 3
17 -292.872243398 0.0381275156158 10
38 -211.464657153 0.130471035812 14
42 -195.546848307 0.0605728518971 5
72 -150.29527736 0.796653577606 3
105 -123.873310526 0.878527811414 7
69 -152.088236534 0.372643153758 3
93 -132.410146562 0.0819994615545 2
99 -127.768023373 0.959162768236 7
50 -176.207486258 0.595412007144 8
64 -158.486144666 0.566793966495 3
109 -121.029689282 0.797617780024 4
64 -158.834934682 0.894765519374 8
35 -221.280599476 0.786485319622 10
58 -163.604530125 0.134355009312 5
12 -307.38387859 0.571563773718 0
46 -184.388582656 0.886592038207 5
45 -187.862360535 0.0981341033278 5
102 -125.317888911 0.0824141974062 7
26 -259.164598541 0.704249283035 9
82 -140.927183906 0.312906975393 13
49 -178.095239675 0.50659973136 12
107 -120.498527878 0.411574919563 15
75 -146.540363074 0.284120525128 14
56 -166.471397531 0.0810675225488 9
116 -116.611863266 0.0487388934702 15
81 -141.583574653 0.513756127066 1
123 -113.608622544 0.637266263298 4
95 -130.820319095 0.951285703678 6
123 -113.694409337 0.493078448598 4
125 -112.946430956 0.546841081582 4
28 -249.393501017 0.562761953612 11
95 -130.957690112 0.574877248051 6
76 -146.256861373 0.143070030577 13
2 -370.547546733 0.0925829009329 10
9 -308.754654378 0.130053013832 12
42 -191.556573011 0.151775418547 5
64 -158.269237052 0.666368679668 14
101 -126.60903033 0.468504240773 8
111 -119.3472225 0.14654294206 2
66 -157.30022523 0.370525921221 13
66 -155.478380677 0.528496860695 14
33 -226.294617195 0.834145159871 10
16 -298.77863625 0.625563655386 11
116 -115.251149682 0.611093832552 7
27 -253.546786066 0.0140079295332 11
125 -112.802963442 0.560620371996 2
16 -294.938988559 0.334960368781 11
113 -117.864101523 0.100680547857 15
111 -119.612508306 0.628031975506 8
105 -123.305679183 0.806850675266 3
103 -123.544480089 0.232232616491 3
10 -307.894458637 0.801973927211 10
46 -185.520546104 0.214391440324 5
4 -350.20969997 0.7739349116 10
7 -311.030708603 0.535010442624 10
5 -310.877238805 0.0811160869641 10
113 -118.451988196 0.290429459083 15
121 -114.481456773 0.152141224319 4
119 -114.600143637 0.829456694377 4
117 -116.229808839 0.421333394722 8
39 -200.06214688 0.716411093839 5
124 -112.776014435 0.920059015018 2
125 -112.959938454 0.13034052089 7
80 -142.302625512 0.622229653602 13
78 -143.738898796 0.987912948572 3
93 -132.444726403 0.718426281409 1
118 -115.746487135 0.229423923596 7
112 -118.975920673 0.104309073985 4
19 -277.941534411 0.940026154278 11
108 -119.160766451 0.246981634536 7
93 -131.873863521 0.10325339691 3
24 -267.82718784 0.0682361077351 5
95 -130.584332943 0.435478633882 3
77 -141.524009896 0.181078528624 9
95 -130.302690898 0.368436478951 7
122 -113.392497562 0.953001830691 2
100 -126.831760207 0.867685449389 4
85 -137.711547557 0.683939325902 13
106 -123.42164669 0.267931047399 15
92 -132.635590319 0.4654621924 7
107 -122.778402616 0.81069226701 15
10 -307.999801096 0.209858558816 5
89 -134.805527093 0.324897793184 3
88 -135.914821702 0.827489999832 7
75 -146.018795254 0.690787798508 9
120 -114.293469979 0.661160178017 6
24 -261.176069569 0.308068132017 11
98 -128.03316804 0.181821370909 4
91 -132.363631174 0.732429302768 7
106 -122.412119959 0.19289816675 1
109 -120.947092776 0.541909671437 1
42 -194.503834145 0.104869412808 0
124 -113.01832205 0.150535365229 6
92 -133.427565758 0.392793129651 1
88 -136.072734228 0.581067360171 9
105 -123.637076942 0.245805928809 2
87 -136.949469083 0.800007302497 13
87 -135.547852358 0.49762732369 1
42 -184.428499695 0.721941902994 0
48 -179.238661376 0.0977930193472 0
44 -189.879564475 0.972315457262 10
100 -127.499421872 0.120121413856 1
90 -133.147825588 0.460825222322 4
53 -170.433981729 0.669301240239 3
108 -119.459527231 0.287165360532 15
24 -268.279473831 0.695398871491 11
100 -126.835735704 0.875788421241 4
125 -112.85116055 0.610292811511 6
102 -124.965519834 0.902297276826 7
102 -125.823777431 0.392247823695 13
64 -158.899624405 0.956703463779 8
57 -166.061362664 0.787267017981 3
17 -292.6059149 0.787053474225 11
113 -116.270887125 0.738892323908 15
68 -154.809361704 0.733742509773 7
72 -150.59513433 0.330769072242 7
75 -147.802635222 0.99327946943 7
98 -126.81755244 0.00527685459342 13
68 -154.973441708 0.118568490156 3
54 -166.694439726 0.934379979779 8
66 -156.799294904 0.479992824093 7
6 -308.530754267 0.677203461009 11
109 -120.990550827 0.627325353013 15
79 -143.250017658 0.72802013796 9
3 -319.604708463 0.717863412056 12
86 -137.727600879 0.288307018982 2
106 -122.992641439 0.962868791107 15
47 -182.24277321 0.088675512914 5
74 -148.285998028 0.680055675374 9
103 -124.923154947 0.621751542552 13
102 -124.295263778 0.947154253796 13
45 -185.766636992 0.755578119488 0
36 -202.809037004 0.706460889185 0
69 -153.521723863 0.676689578381 7
9 -308.626377879 0.382711527169 11
3 -331.420134748 0.586374283983 11
48 -179.514989084 0.827900311447 5
111 -119.46942796 0.70724247356 4
108 -121.028909058 0.170900771043 4
26 -257.68909581 0.0733923638932 12
113 -118.21029814 0.754888153491 13
18 -287.851738707 0.589758904286 11
89 -135.965787134 0.947752691985 3
91 -132.389419205 0.329184537602 14
125 -113.027557216 0.582713183421 6
90 -134.522837591 0.0152502557795 3
15 -302.259031895 0.554827442987 7
82 -140.894117745 0.665006184423 9
30 -241.655004518 0.877852269104 5
34 -227.149401693 0.572350357897 5
4 -326.661174653 0.245479389492 11
125 -112.976573088 0.201235576424 6
2 -386.017623396 0.683068580317 11
15 -294.622121746 0.991488577567 12
114 -116.344223081 0.890689025349 15
109 -120.746022751 0.876719827142 13
70 -151.453204439 0.811279716528 1
0 -1118.60689076 0.312349002153 10
45 -187.494212754 0.570365750852 0
106 -123.537193736 0.750926378454 13
54 -169.385841085 0.453462451353 2
110 -120.071424655 0.289857482312 15
91 -133.954205568 0.227096710825 13
109 -120.452633539 0.953591182464 15
113 -118.013071328 0.647836667501 4
120 -114.612041185 0.185378381988 6
37 -214.530061922 0.932391298406 7
86 -137.780060222 0.0826532865601 1
41 -200.314113099 0.161898993133 0
88 -134.927657875 0.708789321488 13
106 -123.044991309 0.35177162243 4
36 -214.216002613 0.53062321836 7
86 -136.757961985 0.0567530635382 9
35 -219.763768363 0.436246567016 11
6 -318.23465192 0.866945895693 8
121 -113.753083286 0.665537198255 6
24 -258.813536423 0.919809803069 11
54 -169.398488285 0.150138643688 0
97 -129.543382332 0.1248148112 13
32 -234.000375255 0.340548012389 10
25 -264.657302949 0.806359190522 11
105 -123.796404135 0.242434397167 13
94 -131.432993928 0.75586358893 15
23 -272.468074215 0.132608041724 12
82 -138.179214811 0.733820910344 1
104 -124.981449292 0.904676988622 14
63 -159.996473588 0.568902322585 2
52 -171.430490984 0.340523439509 0
43 -193.47233112 0.908364094539 11
97 -129.180779855 0.832958235859 4
101 -125.558332156 0.177303599545 14
41 -200.447707296 0.721787111081 12
88 -136.597731908 0.019708845938 9
9 -308.79348985 0.127380892089 8
76 -146.561813306 0.560760844821 2
115 -117.289086585 0.103425686569 14
119 -115.330353373 0.696013905371 6
71 -151.606020692 0.248302497254 1
84 -139.260802501 0.0799142501443 9
71 -151.334341212 0.778423148663 1
19 -283.781655391 0.179588904351 11
16 -298.942296018 0.673451914334 10
16 -296.367096436 0.945509668059 7
63 -159.71434068 0.00119523905684 9
32 -234.646762318 0.19168422716 8
69 -153.432152177 0.584247488769 3
98 -128.210730853 0.220929082291 15
22 -272.636468841 0.222605283574 7
49 -177.324380475 0.649443252068 12
125 -112.6712377 0.753475782316 6
15 -300.31980158 0.672196395409 5
26 -258.924594268 0.91306081722 7
114 -117.879166412 0.818852623936 14
118 -115.414857078 0.0365111272968 6
22 -273.881253534 0.924096162536 10
122 -113.735804422 0.883308938185 6
33 -229.583380085 0.704103084495 5
98 -128.839799598 0.938119097387 13
40 -203.755451388 0.78756429943 0
6 -315.69433976 0.683588162741 11
95 -130.371140976 0.527872810576 13
58 -163.4788865 0.517140464358 3
4 -337.443542348 0.506502743304 10
88 -136.46706682 0.3438233545 13
108 -121.236237934 0.119010368574 9
53 -170.579869672 0.0905116467363 0
64 -158.228689458 0.635631703138 3
56 -161.645889619 0.696648997138 1
9 -308.389974244 0.825788628693 8
24 -267.590147787 0.270008560461 5
42 -189.992093897 0.564540316924 12
68 -153.176705759 0.208301631554 3
20 -280.199957054 0.190242572105 0
70 -151.588029303 0.81054029106 3
110 -119.981209233 0.915429530017 15
19 -281.850084618 0.502728603386 8
116 -116.745254782 0.560427286966 14
71 -151.402044763 0.0316695942339 3
58 -163.778043412 0.88735363859 1
59 -163.213551692 0.0871115612441 3
37 -213.377687052 0.227427013595 8
57 -165.441225583 0.284389036288 1
60 -161.773573645 0.200093002935 3
26 -260.279620813 0.649715607659 10
75 -142.616234492 0.18723271257 13
116 -116.819596762 0.579168159962 14
77 -145.2913555 0.323184855938 2
65 -156.251261406 0.818184536924 1
124 -113.365086724 0.938341124505 6
13 -305.722691822 0.913655116546 10
70 -151.350504344 0.374002513458 1
9 -308.449271478 0.952766380291 5
57 -165.81209892 0.765771083329 12
121 -114.354426177 0.604638778497 9
12 -307.295229155 0.72902318431 11
67 -156.207042562 0.219032291533 1
86 -137.184937714 0.818296037027 2
0 -1017.39831526 0.867911140662 10
70 -152.542761004 0.306594093342 1
43 -191.337661042 0.465148333339 7
56 -163.547645181 0.584590036949 3
95 -130.639893922 0.675709567645 15
50 -174.429674467 0.993262552847 0
97 -128.955977613 0.612506301837 14
52 -172.462221681 0.469715572977 0
109 -117.705469473 0.379642702528 9
16 -296.439784666 0.891548070524 4
30 -230.263539448 0.935548890646 10
36 -220.225067004 0.30944540472 7
36 -218.227049216 0.983750891178 5
17 -290.239565389 0.18002504638 7
15 -302.130838077 0.388994841618 10
90 -133.340404732 0.454677555416 9
42 -197.036756544 0.894117546865 0
79 -143.015023537 0.943296520907 2
80 -142.226194828 0.370445144532 2
12 -304.058986998 0.353863424109 7
28 -249.050011796 0.939797828244 11
18 -291.103197668 0.435334982595 7
88 -136.536281795 0.812728975845 15
42 -191.045536343 0.396364899919 10
90 -132.402595016 0.896531223926 15
61 -159.879759697 0.659029325537 1
71 -151.907550371 0.736569316682 3
59 -162.44472119 0.0829816727939 1
88 -136.488890865 0.342104426948 9
66 -157.354650514 0.170644403047 2
52 -171.653332896 0.726100795344 0
57 -164.855841225 0.934278713382 1
99 -127.366815977 0.475248105962 13
20 -273.490126588 0.0824427082381 10
30 -232.839793356 0.072209607141 10
54 -167.002397822 0.745495170222 0
46 -182.582050238 0.465065316989 12
43 -193.042410911 0.280615124174 12
78 -144.143903821 0.147756904332 13
91 -133.134857603 0.266744450755 15
14 -303.104380899 0.921452259584 8
16 -294.044912225 0.203173355835 7
82 -140.936789791 0.933983900279 13
109 -118.780679499 0.335578255321 6
15 -302.324087133 0.390989819622 5
85 -137.243265064 0.863689792384 9
62 -159.46076896 0.216809191842 3
69 -152.605208815 0.908066602306 3
72 -149.430485648 0.851138013512 3
70 -151.722137736 0.1414747518 3
5 -325.837080898 0.656181316723 7
87 -136.390356551 0.0546089175519 15
78 -142.768375965 0.000875226014637 13
86 -137.855947642 0.641004719016 15
85 -138.200082311 0.273366119943 9
43 -192.744088897 0.676464254155 0
81 -141.790354463 0.731249383757 9
4 -333.718235713 0.191503765464 7
9 -308.237924832 0.798396692115 7
57 -165.272543718 0.90834331898 1
67 -156.157471119 0.843579031823 1
50 -175.97708307 0.907409609091 12
66 -156.759351652 0.222759039427 1
89 -135.098824111 0.548524670309 2
60 -160.619070222 0.904528861747 1
46 -180.519031642 0.484389686089 12
46 -183.282945764 0.110288799306 0
32 -229.753942987 0.1642133916 5
42 -194.029155477 0.90442743686 0
81 -141.506110494 0.0694214810339 13
110 -119.965705218 0.136015061382 6
56 -161.008787299 0.611121920564 1
115 -117.351862299 0.161669717846 6
93 -131.628665552 0.417145660132 15
50 -171.962496516 0.255094737018 4
85 -138.706327679 0.268337829615 13
26 -261.359915605 0.893120992264 5
91 -133.234500214 0.455936600048 13
91 -132.95845068 0.210252085661 15
88 -136.460836901 0.547985631683 9
34 -225.385361994 0.225163250723 11
102 -126.170923008 0.197275837018 6
99 -127.840686582 0.26530938549 6
24 -265.688866121 0.822613115143 7
50 -176.152848757 0.204129999104 8
62 -158.17286923 0.0335592409077 3
102 -126.188937707 0.307245491631 2
52 -171.271614915 0.354915164351 8
0 -4107.15293241 0.88270932267 10
99 -127.743602664 0.0355949428104 15
44 -183.846154454 0.684202006654 8
65 -157.736122692 0.371949238251 1
33 -230.189072383 0.537206154887 8
7 -313.699252515 0.319176480052 11
89 -135.609538312 0.747292799117 9
36 -214.174890039 0.71078628852 4
96 -129.556818966 0.761508459873 2
63 -157.606231139 0.864954228542 3
26 -256.837467003 0.677062744558 5
92 -132.067000061 0.533427615717 2
69 -154.059806038 0.934132195934 3
68 -154.688947735 0.403241465908 3
26 -258.572944896 0.166298396737 4
86 -136.771301558 0.512299506376 13
34 -221.986879089 0.222184379825 0
6 -308.524112562 0.492036085262 12
68 -154.3117326 0.857690084367 3
37 -212.831105824 0.452949912734 0
7 -310.869370393 0.0106644541247 11
92 -132.756816288 0.233022084976 15
82 -140.814933635 0.494467902026 9
72 -149.498436653 0.971369838982 13
104 -123.87048465 0.0548048419315 14
110 -120.304337621 0.122635621843 6
21 -276.457302989 0.747353973181 7
5 -311.593519726 0.60379980988 7
47 -181.364171211 0.836674797155 0
97 -129.41726393 0.152396006892 15
9 -308.713162903 0.624942305154 7
72 -150.554835049 0.885816914269 9
36 -212.815079878 0.888970073194 8
44 -189.965559643 0.897390367878 8
1 -374.829674321 0.845510103434 12
110 -119.86606711 0.0192320373334 14
116 -116.707451899 0.519610355253 6
72 -147.431771534 0.561978516309 13
68 -153.739348833 0.30033312035 2
65 -154.629776175 0.406337026367 2
55 -167.107469369 0.431437131534 4
88 -136.439616484 0.0329054361396 9
69 -152.964516271 0.249716023742 2
116 -116.671874731 0.509280687459 6
14 -303.850922874 0.525390513076 10
37 -213.647374066 0.301426416466 8
122 -114.138783289 0.786339947003 6
115 -116.253386558 0.172990055595 14
47 -182.737307976 0.463910937221 0
48 -178.03142524 0.398825000903 0
123 -113.586334148 0.678744062373 6
72 -148.444796084 0.66205991322 13
18 -288.110676185 0.177180293752 12
47 -175.961853021 0.0371020666783 4
40 -203.70840843 0.403884085175 8
54 -169.401900038 0.0738281427507 4
101 -126.728323202 0.272363152916 2
44 -190.337397726 0.32435971133 7
39 -205.127921215 0.431679034221 10
53 -171.001519031 0.204820534877 0
83 -139.974805588 0.938901240285 9
49 -177.207943922 0.961045216344 4
43 -193.579173128 0.638517478239 4
67 -156.268669476 0.0837593257028 7
40 -193.813753605 0.584276051544 5
57 -163.821272889 0.532276529379 0
45 -187.46876536 0.168847569847 12
29 -241.793620551 0.925781410632 3
15 -292.78447723 0.410812778527 8
27 -257.128798038 0.67426738802 4
113 -117.759856475 0.368315715705 2
34 -225.275828628 0.446013783367 7
102 -125.76348798 0.529023391508 9
47 -177.592201277 0.764754048357 0
47 -181.778854852 0.432632497068 0
30 -235.775600681 0.624878460427 11
30 -241.84133258 0.171481596903 11
0 -1084.67243429 0.85352265192 5
1 -373.676361677 0.144954791037 5
121 -114.273044293 0.336334965984 2
5 -319.063579027 0.393459899222 4
76 -146.478691924 0.308187139148 15
4 -320.133480251 0.676143394629 5
124 -113.329803804 0.928517065099 2
54 -167.917437656 0.611636906807 7
101 -126.633629652 0.0166921277567 9
80 -141.405784707 0.945216742192 13
48 -176.848932766 0.844757203224 7
55 -168.012138518 0.320624692803 11
44 -187.548475407 0.93551766138 7
0 -433.976996304 0.317329516454 5
42 -192.125695988 0.214615244477 11
35 -219.007958011 0.690651362413 3
80 -142.440806802 0.325959694451 13
57 -165.064720021 0.102792488359 1
119 -115.30856651 0.638047488558 2
53 -169.470256782 0.395575249729 4
25 -264.504108726 0.158049119008 12
86 -137.072139331 0.7094854778 15
48 -179.886175352 0.398427497609 11
121 -113.257943648 0.189232476722 2
42 -194.03260493 0.959848860035 11
74 -148.843002668 0.0692422004682 13
110 -120.380334159 0.958486833711 14
4 -318.806632172 0.947378304408 10
21 -273.938588559 0.217279504196 8
114 -116.014235556 0.559907441626 2
53 -169.838286434 0.629438232315 4
72 -150.648123152 0.341787185933 13
48 -179.979888913 0.352072356191 7
2 -342.100249392 0.609003243607 12
45 -187.935572516 0.928907231541 10
110 -119.482697294 0.00129197271154 14
99 -127.846956167 0.419314867435 9
60 -162.241209092 0.871323551795 7
60 -162.797069521 0.379034125811 7
79 -142.765492756 0.97713784579 11
72 -150.800426037 0.465828709172 11
4 -349.37184456 0.791994844256 5
41 -201.086715974 0.793862787876 10
57 -165.049091972 0.986973778542 8
70 -152.807082367 0.487822723066 15
73 -148.210607984 0.592332249421 15
123 -113.788571103 0.892535196162 2
90 -131.856166073 0.508442673759 1
124 -112.399966621 0.429845412539 6
124 -113.158510482 0.483325508405 6
85 -137.882708133 0.447506079617 15
97 -127.373844634 0.238488469587 9
74 -147.397298929 0.127473985454 8
75 -147.63272248 0.201669922401 8
93 -132.568305439 0.137892015069 1
9 -308.452864489 0.575588293621 10
92 -130.076035992 0.936901139983 1
29 -243.032868409 0.970553807655 12
84 -138.668016794 0.627479454745 13
108 -120.783060317 0.149439137624 14
21 -278.445503312 0.110085055306 3
14 -301.506252984 0.981715909544 5
1 -348.952525618 0.287535482217 12
22 -274.578842814 0.371956797166 10
108 -121.688748189 0.586132611312 14
93 -132.517688482 0.348714340889 13
0 -388.779043141 0.158446271991 12
93 -132.081137679 0.428952988791 13
106 -123.282486218 0.798885064579 9
116 -116.729584652 0.663708312422 6
72 -149.98661354 0.263388607128 8
101 -125.72394014 0.119963738775 1
116 -116.513552757 0.93831796301 6
112 -118.90010925 0.363967662831 9
45 -187.506522924 0.691042184911 0
35 -222.40758084 0.306707758536 3
41 -200.254155063 0.882184398611 10
38 -212.23971392 0.0894765239985 10
47 -182.123074033 0.510603450958 0
22 -271.12953403 0.518006321133 5
41 -199.378636825 0.870246740592 7
17 -294.406680761 0.284329902512 3
42 -197.167729932 0.634014321598 0
104 -123.629642779 0.433709515436 9
44 -189.554623449 0.719106131239 0
23 -270.985157189 0.312090010815 5
73 -148.448205817 0.850249647689 15
66 -157.363984882 0.230997773488 8
40 -204.215335833 0.857671460848 7
95 -130.226955728 0.208742261633 13
44 -191.077653622 0.924045713924 7
28 -241.57255038 0.611374567515 12
104 -124.263296143 0.508690830953 14
81 -141.167692754 0.139640353514 4
12 -307.617546219 0.516160240356 5
87 -136.952620397 0.517025238836 6
102 -124.959704945 0.960649083788 11
112 -119.119186106 0.219777177778 2
50 -175.282301824 0.966730291692 0
0 -864.195668364 0.877728944999 12
82 -140.730280375 0.512932845922 4
38 -204.585833194 0.691016535511 8
81 -141.071721045 0.462093723367 6
50 -175.096258881 0.890867111264 5
5 -331.778169472 0.401361611698 3
113 -117.199841597 0.193283325903 11
89 -134.017792554 0.415505951759 1
95 -130.973035743 0.234343027316 14
98 -127.871839958 0.87165033843 1
4 -335.499812341 0.588244918087 10
5 -326.201874265 0.255353925384 12
125 -112.853685937 0.68556105652 2
13 -306.48566445 0.870463152502 7
75 -146.299132449 0.439909852486 15
110 -120.033896885 0.662839089421 14
113 -117.364293951 0.540286360637 11
99 -127.571886853 0.790384579074 6
67 -154.783702689 0.940950606035 9
13 -306.084114435 0.753828629754 10
100 -127.252446436 0.757251223832 6
103 -125.069689017 0.75600532886 1
94 -127.803387524 0.772850442202 6
89 -135.144634243 0.36524408212 13
34 -221.896661474 0.986493491652 12
60 -161.763732751 0.141361515065 9
107 -122.723950058 0.315668261307 6
62 -161.004845692 0.74698900729 15
104 -124.705607945 0.676438221442 6
40 -198.830057141 0.680115108119 10
62 -160.377125676 0.0746806428206 4
101 -126.564660604 0.444960364392 6
53 -170.540577388 0.321446868584 8
0 -386.868084893 0.475150823719 7
37 -214.96506097 0.552533458542 3
58 -164.460505763 0.70876692341 4
114 -117.669096927 0.661359422601 1
52 -172.319906447 0.189825414906 8
60 -162.132610814 0.815540565369 4
97 -129.621026888 0.770838995953 13
74 -148.749291611 0.746291666221 9
17 -289.137652698 0.198014903332 5
70 -152.92150456 0.108501535243 9
110 -119.248644583 0.315812002351 14
38 -210.786209787 0.154090731546 0
47 -181.485274736 0.189883923547 7
50 -172.051840706 0.315840376709 12
51 -174.066971742 0.940345846024 15
109 -121.003316445 0.0921965727429 14
18 -289.663584229 0.906592756738 10
68 -154.938661249 0.912974026794 9
107 -122.733452914 0.898967247022 14
53 -169.817942733 0.197307952904 15
0 -368.023513324 0.266539645423 5
121 -114.341853387 0.31663007537 2
117 -115.44687779 0.524366864577 2
76 -145.770469475 0.653706174579 9
67 -155.700082871 0.519767048928 12
15 -301.798089987 0.393871795452 15
36 -217.486511967 0.696327268242 0
124 -113.268367144 0.820314921217 2
30 -236.223976143 0.749292455817 15
29 -246.955656602 0.197574760085 15
100 -127.142858233 0.136572831749 11
0 -380.928181018 0.973414333899 0
33 -229.817503297 0.508820217506 8
33 -218.699528721 0.715635719673 8
99 -126.218856345 0.289665037009 11
81 -141.762060498 0.908816256165 4
91 -133.790597071 0.255171074783 4
75 -147.705165532 0.823254761693 6
80 -142.260126773 0.565596075416 6
73 -149.10557322 0.971471097284 12
94 -130.911743376 0.0616155496443 14
35 -218.878116821 0.364820085058 8
105 -124.017468986 0.862967892845 4
81 -138.947109981 0.500866859204 12
8 -309.51761988 0.207161263589 0
58 -163.853458664 0.302372147615 3
10 -307.814994408 0.217672563952 0
110 -120.173581153 0.749696924629 4
23 -271.45879789 0.167159573071 7
85 -138.710946254 0.463659978597 14
100 -127.542180683 0.882401245912 11
63 -159.924283902 0.918737090459 3
23 -272.065483029 0.585658582273 7
123 -112.054216128 0.2611001397 2
21 -273.054164308 0.734964797401 5
120 -114.798293545 0.21007072357 4
8 -308.934056719 0.157489808772 15
8 -308.888605028 0.53625886381 7
121 -113.426035191 0.199320711926 2
112 -118.851989174 0.369653241041 11
97 -129.373026642 0.259724020606 13
70 -152.023580289 0.450229365637 6
67 -155.607675512 0.63945121832 9
107 -122.750798836 0.189284475353 14
26 -259.788028548 0.746016284974 7
103 -124.940102708 0.903174631176 14
70 -151.392761904 0.813937075043 9
88 -134.449807036 0.965148695443 13
121 -114.412184257 0.0180920400739 1
64 -157.494969436 0.214574294872 3
65 -158.260610623 0.51662724607 6
55 -167.819080568 0.489361917633 3
21 -277.463570087 0.616048595404 8
100 -127.281173065 0.215984323273 11
121 -114.396122131 0.0341804228445 12
30 -242.957172948 0.828100280304 8
39 -207.975150565 0.619348074057 7
116 -116.810281114 0.208898910013 12
112 -117.638025632 0.512589387196 1
46 -184.835307646 0.185580801502 9
48 -179.633585744 0.0365197590086 9
55 -165.855591215 0.317418959803 6
104 -124.963799015 0.0962165419436 14
88 -134.976859804 0.290136123931 13
108 -121.627539181 0.437101262986 14
2 -369.515549977 0.479384677305 15
103 -125.481775178 0.242777745129 11
18 -287.95535351 0.0701402903824 0
108 -121.65372615 0.803303311818 14
33 -229.207276605 0.665158123342 15
20 -281.429828633 0.81283589585 15
14 -304.06487198 0.338390872658 15
110 -120.000979507 0.513481855503 12
18 -281.944434609 0.186156589213 10
13 -305.509159919 0.0874743904201 7
108 -120.638989279 0.812937958047 12
120 -114.729201595 0.211043581561 1
18 -290.529178958 0.906998177961 0
107 -122.564734489 0.0574291426172 14
16 -294.12523681 0.912766660076 0
20 -277.990250111 0.604510846985 0
64 -157.868856287 0.894753891462 3
123 -113.798159555 0.25774623932 4
99 -128.224300904 0.794516214446 12
38 -211.19018395 0.662928907635 15
101 -124.436949334 0.00209583411736 14
48 -179.529293452 0.942239685258 5
121 -113.42402588 0.268893006826 1
74 -148.845178418 0.238017918555 12
18 -291.2011288 0.936216599803 0
115 -117.383868985 0.127721221769 4
78 -143.248217681 0.30621477293 2
47 -181.625268776 0.463655890767 5
111 -118.935611773 0.195260601017 14
47 -181.495530384 0.301683082755 5
71 -149.791456134 0.804404001786 7
56 -164.930202019 0.665901939477 3
85 -138.220464659 0.38130688713 2
49 -176.209378971 0.427667221635 5
119 -115.131090244 0.41636092275 1
36 -215.229102138 0.635101347677 0
14 -298.033106031 0.665635636546 10
27 -254.630706149 0.547479742632 10
118 -115.478304049 0.366668641998 4
59 -160.417072648 0.391647333068 9
25 -262.724805253 0.718802306491 8
75 -147.830026678 0.403835896007 6
33 -231.371170233 0.600832961342 15
101 -125.642021881 0.869758327514 14
73 -149.109202819 0.971247945196 6
95 -129.797307984 0.731146325901 11
80 -142.396700141 0.177586743797 2
28 -240.705656728 0.517862446491 10
121 -114.450872467 0.813073422105 1
13 -306.508818619 0.882211275665 15
94 -129.852115732 0.276237187447 12
102 -126.151667908 0.335274758987 11
91 -134.023532415 0.999977005781 14
74 -148.660426886 0.729515089149 5
63 -156.712579742 0.798332298508 3
66 -156.778807235 0.00299932423599 3
75 -147.74238191 0.684481852396 7
76 -144.47053432 0.365370467725 7
15 -301.710037588 0.500242995407 0
95 -130.698406843 0.874154707656 12
35 -220.382584346 0.756317764486 6
90 -131.376283495 0.29618117371 12
36 -219.836988191 0.821820623442 6
125 -112.269766575 0.768959515121 1
52 -170.608287771 0.561961771714 6
118 -114.543713788 0.318885915328 1
7 -310.328900108 0.657882748833 9
41 -199.994341929 0.0781253576635 5
41 -199.534614865 0.261127263051 6
86 -137.916289162 0.205700588877 12
108 -121.967329754 0.91264898017 11
88 -135.877476584 0.208930672138 2
124 -112.745035728 0.232107999845 4
123 -113.74104926 0.0207275629552 1
102 -125.172760229 0.694216370454 13
45 -186.406294806 0.317682115143 5
106 -122.331308978 0.164971096546 14
94 -130.727653538 0.984177688088 12
95 -129.348376136 0.146414212811 12
120 -114.871053576 0.652835161572 4
84 -139.357777597 0.269493943356 7
121 -114.135680828 0.172049896667 1
91 -134.243064984 0.384358500361 13
110 -119.994221018 0.0984064292664 11
75 -146.731115947 0.154139711182 7
13 -305.579229202 0.770303877828 15
75 -147.678507246 0.685232638572 2
0 -2367.60582721 0.877355666694 6
17 -295.190490673 0.591742776008 5
95 -129.223207462 0.269553107138 13
4 -317.431186222 0.550122501853 5
24 -265.466797469 0.894966953284 0
13 -305.025586374 0.494560468326 0
7 -312.934181039 0.265430600184 5
1 -358.885011431 0.707626992665 5
35 -219.710783784 0.208025104185 10
111 -119.652112197 0.00833428230848 11
49 -177.045922539 0.329124313905 8
34 -225.140915139 0.788917585921 15
80 -142.084472382 0.746326318057 13
12 -307.565625944 0.163211174332 15
1 -373.424818641 0.661320972124 15
36 -219.434839732 0.411017499305 9
119 -115.336272002 0.106862445123 1
77 -145.019631024 0.07293544626 7
84 -137.959901945 0.722906951504 12
80 -142.368273039 0.209457623505 7
18 -290.065962089 0.624872560025 10
119 -114.422988502 0.538817331693 1
97 -129.200458224 0.797892732218 13
16 -299.150772949 0.409907119713 10
60 -162.432616666 0.523623851105 3
58 -164.083336741 0.885072700467 3
116 -116.407980467 0.172702560192 1
22 -274.653050655 0.119208252711 6
9 -308.146219674 0.752430760322 15
27 -256.42631232 0.815488893558 10
48 -178.854340285 0.686817471777 9
119 -114.963293196 0.162689806694 11
119 -115.109161489 0.1381437815 11
43 -193.263838329 0.295245954291 0
98 -124.745191736 0.554217849765 14
43 -192.703957546 0.607335605755 9
118 -115.596661474 0.890658169645 2
46 -182.322052412 0.0171369575242 9
125 -112.71964632 0.21008455481 11
100 -126.903654814 0.266288189282 7
31 -235.742566729 0.98552640711 15
109 -120.591613714 0.633940808553 13
66 -157.199485568 0.343349588468 3
29 -248.617763021 0.218596882379 5
64 -157.778902387 0.512029600237 3
124 -113.106782296 0.615776854206 11
125 -112.621247282 0.784541809532 11
42 -191.506772271 0.038215298758 5
124 -113.393899662 0.918327345535 11
24 -269.099135015 0.417529105701 9
56 -166.700616467 0.462284013952 15
39 -206.887800871 0.0890464110684 10
31 -240.261117392 0.973626491238 6
116 -116.795935633 0.753570771148 4
117 -116.177125404 0.88336759393 4
36 -212.230579756 0.212291592219 6
96 -126.575933902 0.329771504113 13
63 -159.945728406 0.351289300138 3
79 -142.717961571 0.96897133872 2
107 -122.724470982 0.103938316348 13
31 -238.826854655 0.371614800972 5
78 -143.920542814 0.242905179267 2
77 -145.022299532 0.823697108887 0
124 -113.4091936 0.137632077015 4
22 -274.090262981 0.091358144663 9
87 -136.291006341 0.400634183396 12
121 -113.223615335 0.180923550776 4
65 -155.88987201 0.0318810286941 3
85 -138.162608481 0.852902488549 13
39 -207.113813988 0.370604642478 5
32 -229.189097998 0.904094008787 9
7 -308.595214547 0.436439343963 10
17 -286.853313677 0.822355065222 15
89 -135.722290879 0.721163274024 7
85 -138.736016154 0.206287972114 7
80 -141.876433047 0.797528434143 1
83 -139.610088988 0.845353349881 12
13 -303.713401979 0.968508855191 5
21 -275.527421011 0.685127263378 15
40 -204.643994537 0.0441288187561 6
113 -117.180220932 0.761621268706 4
40 -196.158294376 0.83144557468 6
116 -116.471789051 0.894184007154 4
69 -153.663089933 0.778708168244 0
46 -185.372856069 0.107036322348 6
83 -137.336930806 0.305461632564 1
48 -179.84100645 0.988553939998 6
82 -140.931418479 0.549868481585 2
77 -144.883034711 0.26041319261 12
68 -154.170433176 0.00385390387899 3
80 -141.436810825 0.508496466788 7
10 -308.122759026 0.72034296104 15
124 -113.372700564 0.518038753791 4
3 -370.294823785 0.131783854732 15
103 -123.798929282 0.921476566975 14
58 -163.116278858 0.786138164237 0
107 -122.15788599 0.809610382246 13
4 -337.688214731 0.713066942002 15
96 -129.360640693 0.846390588224 11
61 -161.623908684 0.0670914364315 3
20 -281.892736169 0.296190702277 10
89 -135.256391017 0.695259359817 7
27 -254.687491603 0.328925328328 5
90 -134.995720653 0.935177027046 1
28 -252.915975199 0.100736421096 5
6 -311.373495466 0.918424857474 6
16 -299.164235032 0.864718772988 10
119 -114.059807289 0.0142346994087 14
47 -182.12754945 0.16333562112 0
117 -115.61421009 0.818383637873 4
77 -144.870017557 0.907442647174 1
104 -124.269250632 0.13052306384 13
60 -161.825833782 0.982175581342 7
68 -152.934071534 0.433596590866 8
77 -145.036861857 0.470189444097 1
89 -135.808251409 0.514587456096 1
11 -305.038256209 0.457136676618 15
110 -120.142624811 0.993405897554 11
80 -141.832235466 0.904551201111 1
51 -173.949082281 0.530501515642 0
2 -330.768737768 0.959881589015 6
36 -220.236036586 0.882669922041 5
54 -169.435393474 0.650117652575 8
1 -418.855153849 0.251403446689 10
60 -160.537383102 0.164646397871 8
98 -128.931084324 0.58811670362 2
87 -137.156132948 0.182610948634 12
12 -307.540584769 0.364024792594 6
38 -210.743690727 0.408955827836 0
91 -133.315123298 0.880787644532 12
38 -208.966124714 0.873522731686 10
117 -115.588722357 0.141151379273 14
72 -146.470142317 0.0111285462001 12
17 -290.801550077 0.219447009324 6
19 -286.668025008 0.52178430219 6
17 -284.164593303 0.239104980526 6
2 -377.188318458 0.616212457026 5
58 -164.650384611 0.997882485778 8
27 -255.685981782 0.839376185957 9
32 -234.758217302 0.208061655353 15
59 -163.377681074 0.817473176366 8
31 -236.150210685 0.616248082214 10
78 -143.636985953 0.656897044155 2
118 -115.444930302 0.00256834191507 4
92 -132.954011611 0.430330757542 13
46 -184.603053359 0.555765661568 0
23 -271.168393337 0.28335415555 5
71 -151.265963587 0.627016110916 1
65 -156.932512397 0.781937902026 3
85 -138.694361587 0.954344703278 2
13 -305.25888204 0.260791113462 5
18 -281.929702766 0.381855720684 10
64 -158.910768928 0.111344583964 3
64 -158.99010191 0.96730455834 3
59 -163.65538352 0.242576738295 8
80 -142.109742207 0.747272212696 13
14 -304.158591412 0.717619115718 15
48 -180.106932809 0.0500651069493 0
104 -124.619637027 0.712975108608 14
2 -387.564666619 0.857548644966 15
17 -285.220463703 0.496839594282 9
100 -127.385417733 0.643322910152 11
112 -118.967801765 0.00738152902032 14
26 -257.496001236 0.657055832797 5
32 -235.960522442 0.679836073063 13
44 -191.102462677 0.679383369861 5
39 -205.534820432 0.0485733771575 6
5 -331.838569238 0.421829915472 10
68 -148.197734457 0.271109180236 12
12 -306.933806553 0.167514330745 10
26 -256.712322573 0.804244138248 13
26 -256.261761285 0.823481740105 13
102 -123.836959932 0.75144558374 4
72 -150.650043579 0.728470663685 7
12 -307.348095183 0.535807695864 10
73 -149.474825946 0.5048719288 2
92 -133.014738513 0.941312076708 11
47 -181.109257246 0.582990591792 0
63 -159.651048653 0.0904966728216 8
7 -310.711571093 0.720375558916 13
31 -232.320628571 0.889764982548 10
87 -136.598175525 0.543156952308 4
104 -124.24108665 0.871068040184 11
102 -126.055332819 0.000983208318644 11
31 -240.310944837 0.909627357432 10
27 -256.335244095 0.631647692798 6
84 -138.963709218 0.00640001280627 2
14 -303.591612088 0.622176334792 9
116 -116.538529154 0.172036994308 14
99 -127.457557133 0.945131703714 11
14 -304.370645017 0.0729336059768 6
90 -134.454823214 0.629493157621 2
99 -127.374483068 0.639272519233 1
101 -126.161230491 0.453314122177 4
104 -124.539324863 0.642641704645 14
40 -204.35406256 0.837772544125 8
31 -234.964458487 0.789782165991 15
112 -118.570690956 0.601241434595 14
74 -148.804628471 0.115626164875 7
71 -148.789919845 0.976197660773 2
25 -262.008429499 0.16917491849 5
85 -136.969089779 0.776556487798 11
74 -148.431952451 0.392727800432 7
112 -119.016859247 0.656722706523 1
3 -309.072102948 0.740174578412 8
84 -139.455511768 0.481607339949 2
7 -313.193084595 0.275578440093 8
22 -262.945912548 0.79644032111 5
7 -312.248425013 0.312662338339 13
113 -118.303390176 0.93519411873 14
21 -279.023376095 0.812990569088 9
33 -223.2444656 0.320932322368 6
114 -117.620086696 0.284779059324 14
97 -129.346745186 0.311266982911 1
3 -370.398162174 0.791612075116 12
103 -125.390060707 0.0415246841506 4
62 -158.682279664 0.27457066286 3
100 -126.34267782 0.499673996665 11
46 -184.815863065 0.219222628473 0
8 -307.927621637 0.579920655804 5
107 -122.050991961 0.303454278858 14
74 -146.157512398 0.914704506379 7
101 -125.664570869 0.00887126594064 4
20 -282.564562723 0.60662648612 12
72 -150.281716661 0.904677725094 7
16 -295.714316062 0.502711877032 8
25 -264.719807657 0.041629530706 15
88 -136.722107022 0.231810103361 2
108 -121.873725232 0.915807461371 1
22 -274.220363568 0.971331884336 13
112 -118.938381316 0.563491394117 14
36 -214.794857334 0.992638912978 6
22 -275.472273539 0.622841167722 12
94 -130.160605964 0.897984457838 1
31 -238.246167575 0.447962147753 9
16 -292.722767533 0.0871776934615 5
8 -309.597845157 0.623010269472 8
45 -187.693033096 0.280194487391 6
56 -163.266850538 0.157655167544 3
24 -263.537597782 0.673179815816 10
55 -167.138741165 0.162493120452 0
2 -375.743111178 0.148244340636 13
50 -171.666074037 0.308989972483 0
90 -134.39985759 0.00551872102845 4
49 -177.753841104 0.450541350558 0
13 -306.516859031 0.0610574258925 13
63 -159.707184501 0.692449253091 3
45 -188.137834019 0.129276168264 0
75 -147.349906398 0.762126878205 7
35 -217.44731136 0.576108173465 0
48 -178.337337957 0.405747861257 6
36 -219.817382713 0.212794514082 10
79 -143.231583436 0.217985210214 2
47 -180.89615836 0.718871056209 13
109 -121.093666538 0.484660448895 14
106 -123.277313381 0.389084357473 14
10 -307.938862632 0.370286710068 5
30 -239.106097317 0.532041895938 12
7 -309.053395297 0.0151236113297 15
113 -118.449142816 0.236313425027 11
110 -119.425907345 0.718159658943 14
109 -120.570076899 0.763810654595 11
100 -126.233209224 0.758241922586 4
43 -192.977115927 0.349098994088 10
44 -188.757699586 0.331697193218 6
103 -123.846514115 0.848354739478 14
119 -115.053131068 0.00034225101942 1
99 -126.736328638 0.97375422827 4
66 -157.113102276 0.592575709256 7
97 -126.092866895 0.819702468599 4
66 -157.054953496 0.531982523747 7
123 -113.761249238 0.246042121483 14
19 -280.913632164 0.379032443826 9
19 -283.044146859 0.368026263802 8
85 -138.172571308 0.448478150088 2
43 -194.04105805 0.109946089366 10
57 -165.168821446 0.0538792417473 13
17 -295.125422824 0.538114113755 12
79 -140.37506284 0.999528286585 4
71 -150.200541508 0.710892731983 7
51 -173.159153783 0.29584135313 13
63 -159.135875932 0.514494205954 9
23 -267.769724224 0.0415831212058 8
42 -195.040954242 0.702993152667 10
44 -189.906988894 0.844872579375 15
47 -182.241964627 0.977439044738 13
4 -351.812585575 0.032211346892 12
45 -183.673035292 0.562884957845 13
1 -396.49608322 0.394755584842 8
49 -175.187397401 0.468630572943 3
12 -305.244161607 0.24765192771 12
34 -223.932385114 0.54230066525 6
80 -141.670962883 0.12310527649 7
20 -281.958661148 0.15406419902 6
15 -301.25510478 0.591195603866 12
37 -210.37701935 0.0614266290206 10
42 -193.479740714 0.0323463992622 10
107 -122.110300623 0.0473230427152 1
97 -129.436285614 0.403582019672 1
18 -287.3010377 0.0239231071126 5
30 -238.255725336 0.47580673337 9
119 -114.174132823 0.653980454225 14
37 -215.077089038 0.43624258777 6
33 -229.565007968 0.615755905455 6
54 -169.103045346 0.481051750468 0
77 -142.64978416 0.435919589501 7
119 -115.203695723 0.239132935286 14
2 -369.47010108 0.299704586427 9
21 -278.342007169 0.279385532109 8
10 -308.030117246 0.655792726931 13
53 -170.977333902 0.272314754977 0
53 -168.741286326 0.432150644768 7
13 -304.859854715 0.366346988735 13
35 -220.620620325 0.217445231796 12
48 -176.130172236 0.506472755189 10
63 -160.009609897 0.589736258074 3
38 -210.56472516 0.145883402966 12
69 -153.932374213 0.215590418751 7
82 -140.542398966 0.394757475868 4
2 -371.661951144 0.284602744333 9
62 -159.995528032 0.00254807025634 3
72 -150.61281198 0.0745317428322 2
35 -220.895602677 0.146846873852 12
54 -168.215896858 0.197747376503 7
107 -122.555170606 0.927703688329 1
12 -307.675164729 0.584713916864 9
35 -219.892275152 0.664133718836 12
72 -150.544393953 0.499717224602 7
3 -315.398606468 0.113494768942 13
103 -123.676970546 0.29999199589 11
78 -143.103924548 0.540425850969 4
48 -178.055514195 0.616579765248 12
68 -154.157671515 0.326157836289 7
53 -170.984277689 0.371953920948 12
5 -325.075003839 0.637614369307 9
125 -113.007885761 0.223383874854 1
73 -149.668754697 0.0580625069884 2
41 -200.582427578 0.482203129599 10
60 -161.201901907 0.220574910644 3
62 -160.953884017 0.109047297342 3
29 -242.502595027 0.566677057738 8
67 -156.340933971 0.178848064765 12
92 -132.222377339 0.979127388752 11
118 -115.187719253 0.079732090486 14
124 -113.385018859 0.732405041283 14
2 -383.170297364 0.237566538392 0
3 -330.970593659 0.632395601418 6
10 -307.833010616 0.594640465643 8
63 -159.919452989 0.140889724643 3
106 -123.172953014 0.750484627535 11
66 -153.917921447 0.876331875119 9
61 -161.560902782 0.14857230808 3
65 -158.062946526 0.497151921469 7
67 -153.992091439 0.633620581845 9
25 -259.225643863 0.193036074452 0
121 -114.032660868 0.958686504394 14
44 -187.761048906 0.557553583738 10
44 -185.946776211 0.380965927803 10
7 -309.474460682 0.751414406537 13
63 -158.898203422 0.427055680298 3
57 -164.852952614 0.448615488218 8
33 -228.970627187 0.767874020155 15
94 -129.951535822 0.902337307217 2
28 -234.402292395 0.339936101573 6
44 -190.392696404 0.0309690654659 0
57 -166.084006009 0.123582923562 10
58 -163.175346341 0.249237361143 8
62 -160.950119963 0.837546875995 3
47 -179.509073268 0.181934353196 10
48 -178.812380192 0.893780574134 10
61 -159.663139212 0.388639742323 3
27 -256.438469205 0.532754709045 9
12 -307.108976448 0.23044062845 13
31 -237.807475182 0.282367878478 13
18 -289.699130935 0.828864394694 5
24 -260.797147445 0.468903258316 5
46 -182.096073679 0.678999672044 6
3 -352.104581052 0.391973242165 15
73 -148.676933345 0.987685061999 7
76 -146.124525732 0.313483686652 2
45 -187.621480545 0.198228571581 0
73 -148.2745824 0.540164913015 4
71 -150.257812276 0.511780299603 11
49 -177.450739557 0.813073733878 6
116 -115.885724031 0.523555178207 14
80 -142.312770917 0.33835485675 7
58 -164.004073355 0.442897646167 6
45 -182.963114422 0.0190231218817 13
49 -178.08778503 0.376227867668 0
51 -173.529340088 0.996706149387 6
116 -116.169954102 0.410742041944 1
28 -252.970884845 0.225714421906 5
25 -252.469486141 0.536365058613 0
28 -249.527310075 0.86720470836 5
9 -308.510995858 0.401062095734 15
41 -190.074884436 0.720159707907 13
11 -307.543352459 0.288447779963 9
10 -306.083889008 0.761155677891 9
107 -122.669162112 0.39485898625 2
66 -157.421526715 0.275173631417 7
29 -248.208756161 0.574751893578 13
50 -174.317057451 0.0509026110474 5
120 -114.960337157 0.308384533708 1
27 -256.464211661 0.198482018413 13
45 -186.890068468 0.0552123134048 6
14 -303.349625059 0.239319249808 9
40 -199.921441531 0.468852851113 12
63 -159.421865747 0.736980099691 3
122 -114.111125672 0.432579571241 1
57 -163.833663979 0.805570333334 3
56 -167.181155233 0.996752060138 3
119 -115.238026847 0.291855635967 1
78 -144.166150325 0.0545720142691 2
63 -160.209941323 0.200080597353 3
111 -119.194721364 0.487459031845 14
30 -234.200778785 0.043446796672 13
22 -272.834456258 0.383419406369 13
24 -256.556491851 0.605018126021 13
107 -122.692412238 0.528360121593 14
70 -152.823380688 0.101041989271 2
16 -297.467149419 0.283301822445 10
64 -157.299641115 0.240663196767 3
18 -288.551838161 0.71338722245 12
14 -304.001597699 0.0688094515664 0
23 -271.513943792 0.303742415968 12
23 -271.936580297 0.767909838466 5
14 -303.10145103 0.699625090172 10
73 -149.399219575 0.458821568078 7
29 -241.66608518 0.0929893088768 15
0 -497.759806659 0.598070583517 5
1 -458.716716446 0.665533379953 5
39 -207.413312056 0.397010864821 13
32 -232.688263248 0.0597521001866 9
79 -143.045480692 0.831839152886 4
16 -298.751897054 0.751924068561 12
4 -318.252144351 0.520475899916 10
14 -303.033261958 0.0135563784039 9
89 -135.726642418 0.644614955038 2
4 -347.973275293 0.88591355346 10
31 -239.498602357 0.400944856987 9
56 -165.593853938 0.391986836739 3
124 -113.388937757 0.156792332352 1
101 -126.789148045 0.862403864393 14
23 -267.961909056 0.535546798817 15
89 -135.78678912 0.794356483638 6
30 -243.917205704 0.207250042049 9
119 -115.177050204 0.289739065834 1
18 -281.487639936 0.178309073878 5
116 -116.714609301 0.926751256486 1
1 -387.222106809 0.963472472771 12
51 -173.121769644 0.627661899041 8
69 -153.736578951 0.205061317167 4
52 -171.964261534 0.557366756015 8
107 -121.462948721 0.371070363728 14
108 -121.78153211 0.32538963273 14
0 -8948.5579243 0.387441327185 12
103 -125.332187599 0.337666271991 2
91 -132.991462477 0.670190642311 11
67 -155.314605165 0.234595031125 3
71 -150.69594166 0.524868846044 4
50 -174.15518797 0.443163914481 8
55 -166.794800524 0.260749183098 8
39 -204.156434773 0.982937160947 9
41 -199.684341484 0.736421171733 13
107 -120.948747422 0.767212257371 2
73 -146.510017255 0.563790470139 7
64 -158.059169966 0.907347641945 3
101 -126.195600461 0.0605203709099 11
41 -199.551681824 0.549912991235 10
80 -142.380687054 0.680519052882 7
88 -135.278064335 0.423297489882 6
99 -127.584477382 0.265393108024 6
35 -216.77474673 0.246854050398 12
113 -117.996497347 0.992835917082 2
92 -131.635906229 0.704837423758 6
24 -258.711756433 0.111498832343 0
120 -114.628519142 0.221673179825 1
21 -278.723530302 0.30887157285 0
48 -178.656486972 0.413121711277 10
62 -159.580626399 0.760494338212 7
59 -163.231988257 0.596253431647 3
44 -190.579304627 0.324646640534 8
94 -131.796281034 0.194295460287 4
87 -136.850074392 0.341792134495 6
54 -168.976377049 0.0744404177175 7
63 -160.227669605 0.111655627172 3
111 -119.243146166 0.587599679776 2
108 -121.33440546 0.858919612718 11
86 -137.978897089 0.674917553121 6
95 -130.00183692 0.959684774298 4
124 -113.320469788 0.117364354262 2
100 -127.299164535 0.378997415874 11
119 -115.188243575 0.785260038849 2
15 -302.385779853 0.76766174385 0
100 -127.566855392 0.200527516198 6
106 -123.509614986 0.663353385002 11
96 -129.288850342 0.300604072542 6
71 -151.142421596 0.467358416407 7
18 -290.555765404 0.901869438622 13
76 -146.417743885 0.00823493443905 7
109 -121.067069914 0.958150357437 11
10 -308.129412403 0.422845434181 10
120 -114.761263302 0.641733821866 2
2 -347.771331716 0.962840873234 13
8 -310.316360503 0.094365920305 10
103 -125.527910586 0.489913928594 11
43 -192.898939421 0.0476854387456 5
110 -120.239040595 0.839122793638 9
12 -307.479159627 0.351615764907 13
124 -113.30709871 0.440160514941 2
91 -133.175509969 0.81203264675 9
40 -204.617289355 0.948506803447 5
124 -112.955745604 0.928228395366 1
64 -158.95131642 0.937672077841 3
4 -332.459344206 0.759994044195 10
74 -148.722514223 0.137543559142 9
13 -305.195230331 0.369169643416 0
21 -277.279639945 0.153444056281 10
28 -251.120074498 0.449560644076 13
92 -132.669591658 0.442131042276 6
68 -154.339152119 0.029723467679 15
99 -127.773411803 0.827848726366 11
51 -172.460164011 0.633386645664 8
17 -292.50231497 0.426338512067 0
13 -298.600293931 0.600282275937 0
46 -184.121941519 0.366103722582 13
10 -307.875267489 0.357699140099 12
1 -473.706254667 0.750833086869 10
5 -331.461657726 0.27842236741 0
73 -149.78934343 0.397749054856 7
103 -125.465383454 0.300762183114 4
107 -122.462206303 0.371673237502 11
48 -179.103290623 0.880114453033 13
74 -148.072298594 0.155681011872 7
92 -132.513853091 0.510915541729 6
92 -132.614926924 0.991924089007 4
37 -216.420216497 0.0291449612444 12
109 -120.625349417 0.552297856027 11
114 -116.38280702 0.109945114351 1
75 -147.699503274 0.470595692906 7
38 -210.327995445 0.97032160888 8
31 -238.982231726 0.867039118503 8
20 -279.893589559 0.478997869322 0
50 -175.547913523 0.915397957406 5
53 -170.241689197 0.850486866834 12
21 -278.611861384 0.217845425233 10
119 -115.130863779 0.535260739914 1
113 -118.400128619 0.769678702466 14
112 -119.105355541 0.471519507172 2
3 -368.710182766 0.565450154816 10
32 -230.689379822 0.487539715402 13
70 -152.052349287 0.614250398271 7
18 -286.711999045 0.190320793726 0
117 -116.055828825 0.181775153787 14
30 -244.121740391 0.880630432777 10
1 -540.360811027 0.56806703625 13
96 -129.711498304 0.0950729545588 9
90 -133.204906035 0.0558393678272 11
2 -373.718786236 0.241897412469 13
11 -307.841934695 0.203393136377 0
98 -128.919126696 0.500464166608 11
109 -119.278762418 0.15704867788 2
15 -295.762804157 0.830837396564 10
112 -119.179810292 0.960293951176 4
15 -300.061384603 0.893071814942 10
115 -116.436607851 0.3332127736 14
69 -152.114570015 0.919996679085 7
16 -294.34994621 0.84576967981 8
77 -143.858437903 0.0828629477981 7
96 -129.719215979 0.0121226690867 11
95 -130.174204173 0.883014380023 11
98 -125.980202149 0.817433422208 9
68 -155.138336583 0.0903675473694 3
88 -136.140754678 0.27149736567 11
95 -130.311325787 0.898313690844 4
123 -113.500471086 0.428679265231 1
60 -162.832661919 0.910830568938 3
14 -303.764515462 0.336796523357 5
82 -140.881446405 0.234399345692 11
50 -174.828195993 0.112019966542 15
14 -298.911633064 0.498180761765 0
20 -280.266203901 0.810850544185 12
50 -173.883524695 0.416349361191 15
29 -247.139263293 0.532293911024 12
115 -117.17366607 0.987924994366 6
113 -117.017196288 0.0526274651532 6
9 -308.681997644 0.329286037332 5
35 -221.395875453 0.0314478727705 8
1 -560.546518532 0.181370201401 13
113 -117.890143016 0.00866424146425 6
13 -301.846581366 0.871453359267 0
32 -232.571526482 0.38320167567 12
63 -159.328135569 0.285300750095 3
19 -284.77542209 0.819661915142 13
25 -264.173463314 0.309346788582 5
20 -270.219532497 0.787442943956 8
19 -273.079247932 0.357914023295 5
41 -200.648987788 0.920006678769 5
45 -186.283398218 0.957058343379 0
111 -119.123212943 0.249914865412 4
121 -114.124545471 0.0261165771792 2
13 -305.683790209 0.610279158322 12
118 -115.742761952 0.045907085853 6
45 -184.873549772 0.267280564782 13
13 -302.897359547 0.386522447208 12
101 -125.448896541 0.470661744546 14
120 -114.856505717 0.348019722815 6
96 -129.828448156 0.236919192702 11
30 -242.523915299 0.195241242102 10
45 -188.342252932 0.809102155617 8
93 -132.149231329 0.275794724405 14
104 -124.78277586 0.0340073708478 4
31 -229.987299394 0.435560808365 13
32 -234.998094019 0.869857201725 0
13 -302.839568838 0.790910879361 12
25 -264.459938817 0.74146176812 12
125 -112.828284444 0.142462798543 2
115 -116.910121192 0.690067786627 4
28 -251.099208553 0.266082054497 8
36 -218.596161951 0.7061159816 8
93 -130.513367721 0.896257279044 11
60 -161.076767963 0.779860560151 3
20 -279.460719446 0.281824922138 12
19 -279.201231123 0.555960478237 5
54 -168.521883294 0.365207636802 13
123 -113.473471373 0.325882567596 1
125 -112.884389993 0.94743155184 2
74 -147.193213654 0.899470467418 9
109 -120.865086223 0.771168316873 6
41 -198.733044398 0.345427927816 8
3 -335.060938365 0.619326377906 5
95 -130.689207285 0.302034633916 11
87 -136.310359209 0.0677818158735 9
63 -159.355866845 0.247485489516 3
48 -180.033815622 0.586258079512 0
20 -277.027076235 0.381515791689 8
81 -140.978771946 0.545706659908 11
66 -156.862108202 0.731511400086 3
37 -213.25482121 0.655951678075 5
66 -157.462456602 0.902943212582 0
119 -114.89627042 0.910435536285 1
122 -113.776862741 0.16187095668 2
69 -153.148010953 0.0922733130961 0
48 -179.459776557 0.962547854045 10
76 -146.535483316 0.472989937958 13
80 -141.60259096 0.0699147320207 11
121 -113.980188662 0.294168125138 4
51 -173.869576009 0.0478342542159 15
87 -135.019618596 0.79893331031 7
7 -311.988992544 0.42047724073 5
112 -118.58820176 0.28919734704 14
23 -264.892810539 0.275352363421 8
83 -139.569994037 0.236184335452 7
114 -117.183988109 0.0248655187654 4
116 -116.46339307 0.788114232919 4
7 -313.002433603 0.221335510726 8
9 -308.334130162 0.764686105055 5
83 -137.038291808 0.624319093775 9
119 -115.284728203 0.623987980102 2
44 -189.091589479 0.948239515766 10
41 -194.629776337 0.853642078402 10
51 -173.436893797 0.830788812018 10
116 -116.589441896 0.78244841541 1
100 -126.952122508 0.573665552417 6
76 -145.645628637 0.211745171461 0
14 -297.148351803 0.808728057418 5
115 -117.047378835 0.104269968206 6
12 -307.573146738 0.644699302171 8
24 -265.447285421 0.485164109129 12
